0 118 530 3.97615
1 118 532 3.9998
2 116 534 2.00086
3 116.002 536 1.99818
4 116 538 2.00086
5 116 540 2.00086
6 116 542 2.00086
7 116.001 544 2.00066
8 116 546 2.00086
9 116 548 2.00086
10 116 550 2.00086
11 116 552 2.00086
12 116 554 2.00086
13 116 556 2.00175
14 116 558 2.00086
15 118.001 560 3.99865
16 116 562 2.00086
17 120.001 522 3.99865
18 118.002 524 1.99818
19 118.002 526 2.00346
20 118.001 528.499 2.06527
21 118 530.4 2.03732
22 118.001 533.285 2.38703
23 115.999 536 0.00104063
24 115.999 542.001 0.000794432
25 115.999 543.999 0.00126912
26 115.999 554.001 0.000973068
27 115.999 555.999 0.0015742
28 115.999 557.999 0.000746025
29 118 561.618 2.53699
30 116 561.998 0.00173233
31 118.002 564 1.99818
32 118 566 2.00175
33 118.001 568 2.00234
34 120 570 3.97615
35 122 514 3.9998
36 120.001 516 2.00025
37 120 518 2.00175
38 120 520.958 2.21392
39 120.001 523.571 2.51846
40 118 524 0.000548389
41 117.997 526 0.00250492
42 117.998 528 0.00246571
43 117.998 530 0.00215551
44 117.998 532 0.00219666
45 117.998 533.999 0.00181087
46 115.999 536 2.00001
47 115.999 538 2.00001
48 115.999 540 2.00001
49 115.999 542 2.00001
50 115.999 544 2.00001
51 115.999 546 2.00001
52 115.999 548.608 2.08945
53 115.999 549.534 2.05068
54 115.999 552 2.00001
55 115.999 554 2.00001
56 115.999 556 2.00001
57 115.999 559.115 2.29708
58 115.999 559.806 2.00899
59 117.998 562 0.00178327
60 117.998 564 0.00219131
61 117.997 565.999 0.00263517
62 117.999 567.999 0.00142858
63 118.002 569.999 0.00202106
64 120.001 572 2.00066
65 122 574 3.97615
66 124 508 3.97615
67 122.001 510 2.00066
68 122 512.719 2.12886
69 121.84 516 2.71712
70 119.999 516 0.000723127
71 119.998 518 0.00162694
72 119.997 520 0.00255203
73 119.998 521.999 0.0025508
74 119.998 523.998 0.00244989
75 120 570 3.94806
76 119.999 568.001 0.00180585
77 118 569.808 2.00943
78 120 569.999 1.98702
79 122.001 573.327 2.12096
80 124 576 3.9998
81 126 496 3.97615
82 126 498 4.01203
83 126.001 500 3.99865
84 124.002 502 1.99818
85 124.002 504 1.99818
86 124.001 506.524 2.06527
87 123.787 510.001 2.67239
88 121.999 510 0.00114361
89 121.998 512 0.00213351
90 121.998 513.999 0.00240098
91 121.998 515.999 0.00191204
92 120 516.016 2.82881
93 122 574.001 4.01287
94 121.998 572 0.00232953
95 120 572.122 2.74064
96 122.001 575.999 0.0015398
97 124.002 578 1.99818
98 126 580 3.97615
99 128 490 3.9998
100 126 492 2.00086
101 126.002 494.594 2.08162
102 126.001 496.191 2.00975
103 126 498.425 2.047
104 125.113 502.001 2.29957
105 123.999 502 0.000950703
106 123.998 504 0.0021753
107 123.998 506 0.00246571
108 123.998 507.999 0.00235586
109 123.999 509.999 0.0014334
110 122 510 2.83543
111 124 576.001 3.86907
112 123.999 574.001 0.00156508
113 123.998 576 0.00215551
114 121.999 574.799 3.77206
115 124.002 579.999 0.00202106
116 128.001 582 3.99865
117 130.001 484 3.99865
118 128.001 486 1.99818
119 128 488.772 2.14546
120 128.001 491.334 2.38703
121 125.999 494 0.0010293
122 125.997 496 0.00255
123 125.997 497.999 0.00267789
124 125.998 499.999 0.00181087
125 125.999 501.999 0.00170386
126 126 580 3.94806
127 125.999 578.001 0.00180585
128 123.999 578.602 2.44091
129 126.001 581.999 0.00153473
130 130.001 584 3.99306
131 132.001 480 4.03395
132 130 483.369 2.42661
133 130.001 485.532 2.53412
134 127.999 486 0.00125128
135 127.998 488 0.0023816
136 127.998 490 0.00219666
137 127.998 491.999 0.00181087
138 127.999 493.999 0.00170386
139 128 582 4.12533
140 127.999 580.002 0.00165077
141 125.998 581.604 2.03631
142 128.001 583.998 0.00183134
143 130.002 586 2.00764
144 134.001 476 3.99865
145 132.001 478.775 2.1531
146 132.001 481.334 2.38703
147 129.999 482.001 0.000889291
148 129.998 483.998 0.00288448
149 129.999 485.999 0.00130541
150 130 584.002 2.00764
151 129.998 584 0.00232634
152 128.973 581.999 4.1416
153 134.002 588 3.98768
154 136.001 472 4.03395
155 134.001 475.107 2.29652
156 132.921 478 2.20912
157 131.998 478 0.00175566
158 131.998 479.999 0.00235586
159 131.999 481.999 0.00170386
160 132 588.001 4.05542
161 130 586.211 1.99998
162 132 587.998 0.00190471
163 138 590 6.05013
164 138.001 466 4.03395
165 138.001 468 3.9844
166 136.002 470.751 2.14554
167 136 473.74 2.66136
168 133.999 474 0.00104063
169 133.998 475.999 0.0020536
170 133.999 477.999 0.000890195
171 134 588.002 2.01974
172 126 581.6 10.2849
173 134.001 589.999 0.00167965
174 140 462 4.02462
175 138.001 465.165 2.31755
176 138.001 467.334 2.38703
177 137.218 470 2.37014
178 135.998 470 0.00162645
179 135.998 471.999 0.00258257
180 135.999 473.999 0.00170386
181 136 590 4.12533
182 135.999 588.002 0.00180986
183 136 589.998 0.00232953
184 142.001 461.474 4.23926
185 140.001 462.985 2.22578
186 138 464.001 0.000690332
187 137.998 466 0.00215551
188 137.998 467.999 0.00253235
189 137.999 469.999 0.0011687
190 138 590.002 2.0076
191 137.999 589.998 0.00214314
192 144 454 4.02462
193 142.002 456 1.9948
194 142.002 459.426 2.45931
195 138.37 468.001 8.09688
196 139.997 461.999 0.00288306
197 139.999 463.999 0.00170386
198 140 590.001 2.02857
199 139.998 589.999 0.0020536
200 140.002 591.999 0.00165077
201 146.001 450 3.99865
202 146.001 453.474 4.23926
203 144.001 455.303 2.38886
204 141.999 456.001 0.000883196
205 141.998 457.999 0.00260131
206 141.998 459.998 0.00221913
207 142 592.002 2.01974
208 141.6 589.998 2.05827
209 146 450.601 3.31633
210 146.001 450.84 2.18683
211 144 454.001 1.98527
212 143.997 453.999 0.00288306
213 143.999 455.999 0.00170386
214 144 592.001 2.02857
215 144 591.998 0.00173233
216 148 444 1.99219
217 148.001 446.851 2.18071
218 147.06 450 2.2636
219 145.998 449.999 0.0025508
220 145.998 451.998 0.00244989
221 146 592.001 2.02857
222 145.999 591.998 0.00181087
223 150.001 594 3.9844
224 150 443.522 2.51057
225 147.998 446 0.00219666
226 147.998 447.998 0.00244989
227 148 594 3.94806
228 147.999 592.001 0.00131524
229 148.001 593.998 0.00191561
230 154 438 4.02462
231 151.988 442.002 2.81668
232 149.999 442 0.00104063
233 149.998 443.998 0.00244989
234 150 594.002 1.99155
235 149.999 593.997 0.00267789
236 154.001 596 3.9844
237 154.002 436.526 2.07285
238 154 439.802 2.69521
239 151.998 439.999 0.00235586
240 151.999 441.999 0.00170386
241 152 594.001 2.02857
242 150 594 1.99219
243 152.001 595.998 0.00191561
244 158 432 4.01203
245 155.764 436.002 2.6748
246 153.999 436 0.00124942
247 153.998 437.998 0.00328994
248 154 596.002 1.99155
249 152.951 593.998 2.25167
250 160.001 598 5.99133
251 158.223 432.001 3.00805
252 158.001 433.661 2.59386
253 155.998 433.999 0.00235586
254 155.999 435.999 0.00170386
255 156 598 3.94806
256 153.999 596.608 2.08945
257 156 597.998 0.00157762
258 162 426 4.02462
259 160.002 428.79 2.1599
260 159.84 432 2.71712
261 157.998 431.998 0.00346237
262 158 598.001 2.02857
263 158 597.998 0.00178327
264 162 426.049 2.84608
265 161.787 428.001 2.67239
266 159.999 428 0.00112153
267 159.998 429.998 0.00328994
268 160 598.002 2.01974
269 159.999 597.998 0.00253235
270 164.001 600 3.9844
271 164 422.737 2.1196
272 164 425.802 2.69521
273 161.998 425.999 0.00235586
274 161.999 427.999 0.00170386
275 162 600.001 3.86907
276 161.999 598.001 0.00122623
277 162.001 599.998 0.00191561
278 168.001 418 3.99865
279 166.002 421.426 2.45931
280 163.999 422.001 0.000794432
281 163.998 423.998 0.00328994
282 164 600.002 1.99155
283 163.999 599.997 0.00267789
284 172.001 602 8.02401
285 168 418.601 3.31633
286 167.513 420.001 2.50281
287 165.998 419.999 0.00274594
288 165.999 421.999 0.00170386
289 166 600.001 2.02857
290 165.999 599.999 0.00121476
291 166.893 600 2.12782
292 172.001 412 3.99865
293 170.002 414.751 2.14554
294 169.325 418.001 2.41652
295 167.998 417.998 0.00304836
296 168 602.001 4.03395
297 163.999 601.334 4.21756
298 168 601.999 0.0012587
299 172 412.601 3.31633
300 171.976 414.001 2.81186
301 169.998 413.999 0.0025508
302 169.998 415.998 0.00244989
303 170 602.001 1.9787
304 170 601.998 0.00157762
305 172 412.001 4.03395
306 174 411.869 2.73185
307 171.998 411.998 0.00304992
308 172 602.001 2.02857
309 172 601.998 0.00173233
310 178 406 4.02462
311 175.847 410.002 2.71983
312 173.999 409.998 0.00234478
313 173.999 411.999 0.000890195
314 174 602.001 2.02857
315 174 601.998 0.00174
316 178 406.049 2.84608
317 178.001 407.811 2.69937
318 175.999 407.999 0.00165031
319 175.999 409.999 0.00170386
320 176 602.001 1.9787
321 176 601.998 0.00157762
322 178 406 3.92895
323 178.985 406.001 2.22578
324 177.999 405.999 0.00190238
325 177.999 407.999 0.00170386
326 178 602.001 2.02857
327 178 601.998 0.00173909
328 182.983 404.002 3.60868
329 183.167 402 3.77033
330 179.999 405.999 0.00170386
331 180 602.002 1.9948
332 180 601.998 0.00189168
333 183.04 402.002 2.26091
334 181.998 403.998 0.00304836
335 182 602.001 2.02857
336 181.999 601.998 0.00181087
337 186.026 400.001 2.86425
338 185.806 402.001 2.67752
339 183.998 401.998 0.00346237
340 184 602.001 1.97471
341 184.001 601.999 0.00131524
342 186 400 4.04926
343 187.676 400.001 2.6053
344 185.998 399.998 0.00328994
345 186 602.001 2.02857
346 186 601.998 0.00173233
347 189.988 398.002 2.81668
348 187.999 397.998 0.00235586
349 188 602.001 2.02857
350 188 601.998 0.00174
351 191.492 396 2.48893
352 189.999 395.999 0.00155652
353 189.999 397.999 0.00170386
354 190 602.001 1.9787
355 190 601.998 0.00157762
356 192.719 394 2.1196
357 192 393.999 0.000913234
358 191.999 395.999 0.00130541
359 192 602.001 2.02857
360 192 601.998 0.00174
361 194 394 3.92895
362 196 393.802 2.69521
363 193.998 393.998 0.00264104
364 194 602.001 1.9787
365 194 601.998 0.00157762
366 197.857 392.002 2.73696
367 195.999 391.998 0.00220195
368 195.999 393.999 0.000890195
369 196 602.001 2.02857
370 196 601.998 0.00178327
371 198 390.002 1.99171
372 198 389.999 0.00126169
373 198.6 390 2.10878
374 198 602.002 2.01974
375 197.999 601.998 0.00223384
376 204.001 604 5.99769
377 201.84 390.002 2.70895
378 200 389.999 0.000697674
379 197.999 390.024 2.82846
380 200 602.001 1.9787
381 199.998 602 0.00161091
382 200.001 603.999 0.00164602
383 203.439 390.001 4.23926
384 204 388 1.99678
385 201.998 389.998 0.00244989
386 202 604.002 2.00764
387 202 603.998 0.00232953
388 204 388 3.92895
389 205.851 388.001 2.71877
390 203.998 387.998 0.00288448
391 204 604.002 2.0076
392 203.999 603.998 0.0025508
393 210.001 606 5.99769
394 206.711 386.002 2.13052
395 205.999 385.999 0.00152382
396 206.6 386 2.10878
397 206 604.001 2.02857
398 205.999 603.999 0.00122254
399 206.001 605.999 0.00138379
400 208 386 4.01203
401 207.567 386 2.0257
402 207.999 385.999 0.000966018
403 205.999 386.024 2.82846
404 208 606 4.12533
405 207.023 606.001 2.19307
406 208 605.998 0.00190471
407 210 386 3.92895
408 212.001 384.336 2.03028
409 209.999 385.999 0.00130541
410 210 606.002 2.01974
411 210 605.998 0.00219666
412 214.001 608 3.9844
413 212.988 384.002 2.23752
414 211.999 383.998 0.00260131
415 212 606.001 2.02857
416 210 606 1.99219
417 212.001 607.998 0.00187444
418 216 610 4.02462
419 216 383.805 4.34567
420 216.001 382.649 2.08958
421 213.998 383.998 0.00221913
422 214 608.002 2.0076
423 213.216 605.999 2.13643
424 214.002 609.999 0.00180986
425 216 382 3.92895
426 217.465 382.001 2.47218
427 215.999 381.998 0.00258257
428 216 610.001 4.05542
429 214 608.702 2.10602
430 215.486 607.998 2.07205
431 220.001 612 3.99521
432 218.969 380.002 2.22104
433 218 379.999 0.000697674
434 217.999 381.999 0.00170386
435 218 610.001 2.02857
436 213.999 609.579 4.00196
437 218.001 611.998 0.00167514
438 222 378.927 3.57182
439 222 379.08 2.2636
440 219.998 379.998 0.00244989
441 220 612.002 2.01974
442 219.114 609.998 2.20742
443 224.001 614 3.9844
444 222 378 3.92895
445 224.001 377.906 2.75353
446 221.998 377.998 0.00288448
447 222 614 3.94806
448 219.999 612.912 2.18328
449 222.001 613.998 0.00183134
450 226.001 616 3.99865
451 225.359 376.002 2.40763
452 223.998 375.998 0.00230084
453 223.999 377.999 0.00130541
454 224 614.002 2.00764
455 221.444 611.999 3.27127
456 224.001 615.999 0.0017314
457 226.719 374 2.1196
458 226 373.999 0.000913234
459 225.999 375.999 0.00130541
460 226 616.001 4.03395
461 225.999 614.002 0.00178277
462 225.537 613.998 2.05993
463 230.001 618 3.9844
464 228 374 3.92895
465 230 373.802 2.69521
466 227.998 373.998 0.00264104
467 228 616.002 1.9948
468 223.998 615.613 4.00086
469 228.001 617.998 0.00183134
470 232.001 620 3.99865
471 231.356 372.002 2.42166
472 230 371.998 0.00170545
473 229.999 373.999 0.000890195
474 230 618.002 2.00764
475 225.999 616.105 4.4549
476 230.001 619.999 0.0016773
477 234.001 836 3.99865
478 232.001 838 2.00465
479 232 840 2.00175
480 232 842 2.00175
481 232.002 844 2.0076
482 234.001 846 3.9844
483 232 372.001 4.03445
484 234 372 2.86081
485 231.998 371.998 0.00304836
486 232 620.002 1.99467
487 231.461 617.998 2.06586
488 234.002 622 2.00764
489 234.851 836.001 3.4584
490 234.001 837.73 2.6053
491 231.997 840 0.00255
492 231.997 842 0.00255203
493 231.999 843.999 0.00101248
494 233.286 843.999 2.40274
495 234 847.597 2.04114
496 236.001 850 3.9844
497 234.846 370.002 2.16664
498 234 369.998 0.00215551
499 234 622.001 4.05542
500 233.999 620.001 0.00125266
501 234 621.998 0.00232634
502 236.002 624 2.00764
503 236.037 834.001 2.86884
504 236.001 835.482 2.45387
505 233.999 836 0.00141363
506 233.998 837.998 0.00304836
507 234 846.001 4.05542
508 232 844.912 2.20295
509 233.997 846 0.00255
510 232 843.999 4.57757
511 234.965 847.999 2.24318
512 238.001 852 3.99865
513 238.001 368.223 3.00805
514 238.001 369.976 2.82179
515 235.998 369.998 0.00276219
516 236 622 4.12533
517 235.267 622.001 2.11933
518 235.998 622 0.00232634
519 235.855 621.998 2.01303
520 238.001 626 2.00465
521 240.001 828 3.99521
522 238 831.342 2.41996
523 236 834 2.06133
524 235.997 833.998 0.0030248
525 235.999 835.999 0.00130541
526 236 850.001 4.03732
527 233.999 848.341 2.03792
528 233.999 848.602 2.44091
529 236.001 851.999 0.0016773
530 238.002 854 2.0076
531 238 368 4.01203
532 239.978 368.001 2.80072
533 238 367.998 0.00177835
534 238 370 0.000605629
535 238 624.002 2.01974
536 235.999 624 2.00465
537 238 625.998 0.00215551
538 240.002 628 2.00764
539 242 824 4.02462
540 240.002 827.37 2.42166
541 238.344 830 2.03637
542 237.997 829.999 0.00267789
543 237.998 831.998 0.00244989
544 238 854 6.18795
545 237.999 850.002 0.00185252
546 237.998 852 0.00174397
547 237.8 849.999 4.01759
548 242.001 856 3.9844
549 241.607 366.002 2.55522
550 239.998 367.998 0.00244989
551 240 628.001 4.03732
552 239.998 626 0.00216227
553 238.973 623.999 4.1416
554 242.002 630 2.00346
555 244 632 4.02462
556 242.05 824 2.9173
557 241.465 826.001 2.47218
558 239.999 825.999 0.000840054
559 239.998 827.998 0.00244989
560 240 854 4.12533
561 239.267 854.001 2.11933
562 237.999 852.918 2.24886
563 240.84 853.999 2.19498
564 244 364 2.81739
565 244.001 365.037 2.23543
566 241.998 365.998 0.00304836
567 242 630.001 4.05542
568 241.998 628.001 0.00189655
569 232.079 619.998 14.0147
570 242.002 631.999 0.00202106
571 246 634 4.02462
572 245.95 822 4.45443
573 243.715 824.001 2.60919
574 241.998 825.998 0.00244989
575 242 856 3.94806
576 240.024 856.001 2.83776
577 240.485 854 2.51342
578 242.001 858 0.0013726
579 246.001 362.214 2.97548
580 245.741 364.001 2.63874
581 243.998 363.997 0.00319233
582 244 632 4.12533
583 243.999 630.002 0.00202106
584 241.999 630.03 2.82742
585 244.002 633.999 0.00185252
586 248.001 636 3.9844
587 248 638 4.02462
588 248 814 4.01203
589 246.002 816 2.0076
590 246.002 819.001 2.23752
591 243.999 822 0.00110287
592 243.998 823.998 0.00244989
593 244 858.001 4.03395
594 244.692 858 2.16024
595 244 857.998 0.00173909
596 248.237 360.002 3.00587
597 247.31 362 2.38812
598 245.998 361.998 0.00304992
599 245.999 363.999 0.000890195
600 246 634 4.12533
601 245.999 632.002 0.00185252
602 243.999 633.484 2.07814
603 246.001 635.999 0.00125266
604 248.001 637.365 2.10394
605 250.001 640 3.99865
606 250.001 810 3.99865
607 248 812.671 2.10423
608 247.964 816.001 2.7845
609 245.998 816 0.0015252
610 245.998 817.999 0.00274594
611 245.999 819.999 0.00133514
612 245.999 821.999 0.000890195
613 246 858 3.94806
614 247.591 858 2.56541
615 246 857.998 0.00190471
616 250.001 358.888 3.50271
617 250 359.436 2.45126
618 247.998 359.998 0.00264104
619 248 638.001 4.01287
620 247.998 636 0.00233707
621 246 636.355 2.58601
622 248.001 639.999 0.00180585
623 250.002 642 2.00764
624 250.851 810.001 3.4584
625 249.842 812.001 2.72946
626 247.999 812 0.000823974
627 247.998 813.998 0.00288448
628 247.999 815.999 0.00130541
629 248 858.001 4.05542
630 247.998 856 0.00178327
631 248 857.998 0.00215551
632 250 860 1.99219
633 252.924 356.001 3.54702
634 252 357.948 2.79198
635 249.998 357.998 0.00239974
636 249.999 359.999 0.000890195
637 250 640.001 4.03395
638 249.999 638.002 0.00187055
639 248 639.77 2.01189
640 249.71 637.999 4.0238
641 252.001 644 2.00653
642 254.001 646 3.9844
643 254 804 4.02462
644 252.001 807.446 2.48475
645 251.167 810 2.27118
646 249.998 809.999 0.00177286
647 249.998 811.998 0.00244989
648 250 858.002 2.01974
649 247.999 857.356 2.10206
650 250 857.999 2.02857
651 254.002 353.426 2.45931
652 253.857 356 2.72394
653 251.998 355.998 0.00294293
654 251.999 357.999 0.000890195
655 251.5 642.001 2.08386
656 251.998 642 0.00216633
657 250 643.298 2.13433
658 252.697 643.999 2.14448
659 254.002 648 2.00764
660 256 650 4.02462
661 254.002 802.527 2.0798
662 254.001 805.843 2.69937
663 251.999 806 0.00118681
664 251.998 807.999 0.00253235
665 251.999 809.999 0.0011687
666 252 860.001 3.86907
667 253.967 860 2.79941
668 252.001 859.998 0.00183134
669 258.001 348 3.9844
670 256.002 352.002 2.83911
671 253.999 352 0.000887515
672 253.998 353.998 0.00328994
673 254 646 4.12533
674 253.267 646.001 2.11933
675 253.998 646 0.00232634
676 251.214 639.999 8.41715
677 256 649.298 2.13039
678 258.001 652 3.9844
679 258 798 3.97678
680 255.633 802.002 2.58423
681 253.999 802 0.00114361
682 253.998 803.999 0.00234478
683 253.999 805.999 0.0014334
684 254 860.001 4.05542
685 253.998 858.001 0.00183134
686 253.999 859.998 0.00240098
687 256.001 862 2.00001
688 258 348 2.81739
689 257.653 350 2.65133
690 255.998 349.999 0.00260131
691 255.998 351.998 0.00221913
692 256 650.001 4.05542
693 255.998 648.001 0.00184657
694 254 649.298 2.13433
695 256.001 651.998 0.00191561
696 258.002 654 2.0076
697 258.1 798 2.9173
698 258.001 799.501 2.47218
699 256 799.999 0.000732271
700 255.999 801.999 0.00133514
701 254 803.415 2.1128
702 254 804 2.83543
703 256 860.001 2.02857
704 256 859.999 1.97471
705 260.002 345.607 2.55522
706 259.474 348 2.51617
707 257.998 347.998 0.00328994
708 258 652 4.12533
709 257.999 650.002 0.00202106
710 255.998 651.905 1.99314
711 257.1 649.999 4.11742
712 260.002 656 2.0076
713 262 658 4.01203
714 262 792 3.92895
715 262.001 795.404 4.23926
716 260 797.965 2.79691
717 257.998 798 0.00170545
718 257.998 799.998 0.00304836
719 258 860.001 2.02857
720 259.1 859.999 2.26802
721 262 343.727 2.63921
722 259.998 345.998 0.00304836
723 260 656.002 3.98768
724 259.998 654.001 0.00196767
725 255.999 651.679 5.8375
726 260.002 657.999 0.00191148
727 262.002 660 2.00764
728 262.1 792 2.9173
729 262.001 793.144 2.30547
730 260 796 2.09544
731 259.999 795.998 0.00209699
732 259.999 797.999 0.000890195
733 260 862.001 4.05542
734 259.999 860 0.000823629
735 259.839 859.998 2.00142
736 266.001 338 4.03395
737 264.002 341.907 2.76086
738 261.999 341.999 0.00101248
739 261.998 343.998 0.00244989
740 262 658.001 4.03395
741 261.999 656.002 0.00187055
742 259.999 657.746 2.01282
743 262 657.998 2.00764
744 264.002 662 2.00764
745 266 664 3.92895
746 264.002 788.527 2.0798
747 264.001 791.97 2.82742
748 261.998 791.999 0.00182085
749 261.998 793.999 0.00181087
750 261.999 795.999 0.00170386
751 262 862.001 4.03395
752 262 862 2.0402
753 262 861.998 0.00178327
754 268 334 3.92895
755 266.002 336.77 2.14037
756 265.888 340.001 2.75861
757 263.998 339.999 0.00208735
758 263.998 341.998 0.00244989
759 264 660 4.12533
760 263.25 660.001 2.11933
761 263.998 660 0.00169687
762 262.643 657.999 4.20879
763 264.002 663.999 0.00197768
764 268.001 666 3.9844
765 266 784 1.99219
766 266.002 787.951 2.79396
767 263.998 789.998 0.00237018
768 263.999 791.999 0.00130541
769 264 862.001 4.03395
770 262.499 862.001 2.52373
771 263.999 861.998 0.00223384
772 268 864 4.04926
773 269.715 334 4.24235
774 268.001 335.811 2.69937
775 265.999 336 0.00116945
776 265.998 337.998 0.00304992
777 265.999 339.999 0.000890195
778 266 664 6.18795
779 264.833 662.001 2.31238
780 265.998 662.001 0.00189655
781 263.998 663.365 2.09646
782 266.001 665.999 0.001433
783 268.002 667.6 2.02815
784 268.002 670 2.00764
785 270 672 3.92895
786 270.001 778 4.03395
787 270.001 780.983 4.10437
788 268 783.273 2.3876
789 266 786 2.09544
790 265.998 786 0.0023816
791 265.998 787.999 0.00253235
792 265.999 789.999 0.0011687
793 266 862.001 1.9787
794 267.851 861.999 2.69786
795 272 328 4.04926
796 270.002 331.1 2.28171
797 269.41 334.001 2.45438
798 267.998 333.999 0.00234478
799 267.999 335.999 0.00170386
800 268 668.001 4.01287
801 267.998 666 0.00233707
802 267.998 668 0.00173806
803 267.999 669.998 0.00179784
804 268.002 671.999 0.00197768
805 272.001 674 3.9844
806 272 676 4.04926
807 272.001 774 3.9844
808 270.002 776.732 2.13519
809 270 779.04 2.2636
810 269.167 782 2.27118
811 267.998 781.999 0.00177286
812 267.998 783.998 0.00244989
813 268 864.001 4.05542
814 267.998 862.001 0.00183134
815 267.842 861.998 2.01303
816 272.001 866 4.03445
817 272 328.601 3.31633
818 272.001 329.41 2.45438
819 269.999 330 0.00123245
820 269.998 331.998 0.00264104
821 269.999 333.999 0.000890195
822 270 672 5.80275
823 268.2 670 2.67926
824 269.998 670.001 0.00189655
825 267.999 671.147 2.17958
826 270.001 673.999 0.000794432
827 272.001 674.181 2.69072
828 272.002 678 1.99155
829 274.001 680 3.9844
830 274 768 4.04926
831 274.001 770.737 4.08032
832 272.002 773.201 2.3336
833 271.462 776 2.45554
834 269.998 776 0.00187567
835 269.998 778 0.00246571
836 269.998 779.999 0.00253235
837 269.999 781.999 0.0011687
838 270 864.002 2.01974
839 263.999 861 6.70908
840 270.731 863.999 2.11234
841 276 322 3.92895
842 274.002 324.79 2.1599
843 274.001 328.001 2.84611
844 271.998 327.998 0.00251702
845 271.999 329.999 0.00130541
846 272 676 6.18795
847 271.999 672.002 0.00180986
848 271.998 674 0.00233707
849 271.997 676 0.00255
850 270 673.999 4.57757
851 272.965 677.999 2.24318
852 274.002 682 2.0076
853 274 684 1.99219
854 276 762 3.92895
855 274 764 1.99219
856 274.002 766.953 2.20264
857 274.001 770.324 3.10962
858 271.998 772 0.00193352
859 271.998 773.998 0.00287945
860 271.999 775.999 0.000890195
861 272 866.001 4.03395
862 270.499 866.001 2.52373
863 271.6 863.998 2.05827
864 278 868 6.05013
865 278.001 321.474 4.23926
866 276.001 323.837 2.71834
867 273.999 324 0.00063472
868 273.998 325.998 0.00271605
869 273.999 327.999 0.000890195
870 274 680.001 4.03732
871 271.998 678.338 2.02477
872 271.998 679.905 1.99314
873 271.999 680.829 2.29426
874 274 679.999 4.05542
875 276.002 686 1.99155
876 276.002 688 1.99171
877 276 690 1.99219
878 278 692 4.01203
879 278 756 3.92895
880 278 758 4.04926
881 278.002 761.127 4.14741
882 276 763.263 2.37131
883 274 766 2.06133
884 273.999 766 0.00140184
885 273.998 768 0.00177174
886 273.997 769.998 0.00319233
887 273.999 771.999 0.000890195
888 274 866.001 2.02857
889 273.999 865.999 0.000966018
890 275.8 866 2.68231
891 280 870 5.89338
892 280.001 317.867 4.44678
893 278.002 319.23 2.3336
894 277.52 322 2.55391
895 275.997 321.999 0.00262057
896 275.998 323.999 0.0020536
897 274 324 2.77842
898 276 686.001 5.92299
899 273.999 682.923 2.21089
900 275.998 684.001 0.00191561
901 273.998 685.714 2.01522
902 276 688 0.000598472
903 276 685.999 3.95911
904 278.001 690.999 2.23835
905 278.002 694 1.99155
906 280.001 696 3.9844
907 280.001 698 4.03395
908 280.001 752 4.03395
909 280.001 755.404 4.23926
910 278.001 756.572 2.08706
911 278.001 759.455 2.45438
912 275.998 761.999 0.00185593
913 275.998 763.999 0.00181087
914 275.999 765.999 0.0014334
915 274 766 2.83543
916 276 868 3.94806
917 273.999 866.923 2.21089
918 276.001 867.999 0.00125266
919 278.001 868.889 2.31238
920 282 312 4.04926
921 280.002 314.77 2.14037
922 279.51 318.001 2.52481
923 277.998 318 0.00173806
924 277.998 319.998 0.00328994
925 278 688.001 2.02857
926 276 688 1.99219
927 277.998 690.001 0.00191561
928 277.998 692 0.00212176
929 277.999 693.999 0.0015742
930 278.385 694 2.07635
931 280 696.8 2.3372
932 280.002 700 1.99155
933 280.002 702 1.99171
934 280.002 704 1.99171
935 282 706 4.01203
936 282 744 4.01203
937 282 746 4.04926
938 282.002 748 3.98768
939 280.002 750.751 2.14554
940 280.001 752.982 2.24774
941 278.385 756 2.09713
942 277.999 756 0.00081767
943 277.997 758 0.00255979
944 277.998 759.998 0.00287945
945 277.999 761.999 0.000890195
946 278 868.002 2.00764
947 274.3 866 4.15889
948 278.822 867.999 2.19498
949 282 872 4.01203
950 284 308 3.92895
951 282.002 311.027 2.26091
952 282.001 313.728 2.65342
953 279.999 314 0.00118681
954 279.998 315.999 0.00253235
955 279.999 317.999 0.0011687
956 278.923 694 2.23566
957 277.999 695.129 2.32614
958 279.998 696.001 0.00196767
959 279.998 698 0.00245038
960 279.997 700 0.00258033
961 280 703.999 0.00139486
962 282.001 704.999 2.23835
963 282.002 708 1.99155
964 282.002 710 1.99155
965 282 712 1.99219
966 284.001 714 4.03395
967 284.001 716 3.9844
968 284.001 718 4.03395
969 284.001 736 4.03395
970 284 738 3.92895
971 284.001 740 3.9844
972 284.001 743.965 4.41442
973 282.001 744.453 2.06016
974 282.001 747 2.24633
975 281 750 2.27273
976 279.999 750 0.000723127
977 279.997 751.999 0.00263517
978 279.998 754 0.00189168
979 279.998 755.998 0.00244989
980 280 870 3.94806
981 278.049 870.001 2.83776
982 278.148 867.999 2.70279
983 280.002 871.999 0.00191148
984 286 204 4.01203
985 286 206 3.92895
986 286 302 3.92895
987 286.001 304 4.03445
988 284.002 306.526 2.07285
989 284 309.965 2.79691
990 281.999 310 0.00114361
991 281.997 311.999 0.00288306
992 281.999 313.999 0.00170386
993 282 702.001 2.02857
994 280 702 1.99219
995 281.998 704.001 0.00191561
996 281.997 706 0.00255
997 281.999 708 0.00134519
998 281.999 709.999 0.0015742
999 282 710 2.0402
1000 284.001 715.3 2.41652
1001 282 715.999 0.000913234
1002 284.001 716.499 2.52373
1003 284.002 720 1.99155
1004 284.002 722 1.99155
1005 284.002 724 1.99155
1006 284.002 726 1.99155
1007 284.002 728 1.99155
1008 284.002 730 1.99155
1009 284.002 732 1.99155
1010 284.002 734.732 2.13519
1011 284 735.6 2.03623
1012 284.001 739.181 2.33831
1013 282 746 3.91057
1014 281.998 744 0.00162506
1015 281.997 746 0.00258033
1016 281.998 748 0.00219666
1017 281.998 749.998 0.00244989
1018 282 872.001 4.03395
1019 281.999 870.002 0.00187055
1020 281.69 869.998 2.01522
1021 286 874 4.04926
1022 288.001 192 3.9844
1023 288.001 194 4.03395
1024 288 196 4.04926
1025 288.001 198 3.9844
1026 288.002 200 3.98128
1027 288.001 203.895 4.41442
1028 286.001 203.704 2.00199
1029 286.001 205.267 2.11933
1030 286.002 208 1.99155
1031 286.002 210 1.99171
1032 288.001 212 4.03395
1033 288.001 216 4.03395
1034 288.001 298 3.9844
1035 286.002 300.526 2.07285
1036 286.001 302.985 2.22578
1037 285.31 306 2.38812
1038 283.998 306 0.00152712
1039 283.998 307.999 0.00264329
1040 283.999 309.999 0.00170386
1041 284 708.001 1.97471
1042 281.999 708 2.02531
1043 281.999 710.923 2.21089
1044 283.998 712 0.00178327
1045 283.998 714 0.00215551
1046 283.998 716 0.00215551
1047 283.998 718 0.00219131
1048 283.997 720 0.00255
1049 283.997 722 0.00255
1050 283.997 724 0.00255
1051 283.997 726 0.00255
1052 283.997 728 0.00255
1053 283.997 730 0.00255
1054 283.997 732 0.00255041
1055 283.997 734 0.00250492
1056 283.998 736 0.00244891
1057 283.997 738 0.00252846
1058 283.998 740 0.00219666
1059 283.998 741.999 0.00195491
1060 283.999 743.999 0.0011687
1061 284 872.002 2.01974
1062 277.998 869.295 6.52588
1063 284.001 873.999 0.00155325
1064 284 876 0.000605629
1065 290 186 3.92895
1066 290.001 188 4.03395
1067 288 192 2.81739
1068 286.001 191.999 0.00100387
1069 288.001 194.34 2.04248
1070 288.001 196.796 2.15294
1071 288.001 199.037 2.23543
1072 285.999 204 0.000965928
1073 285.999 206 0.00142099
1074 285.999 208 0.000907856
1075 286 209.999 0.00130308
1076 288 210.695 2.39351
1077 288.002 214.715 2.11801
1078 288 214.695 2.39351
1079 288.002 218 1.99171
1080 290.001 220 3.9844
1081 290.001 222 4.03395
1082 290.001 292 4.03395
1083 288 294 1.99219
1084 288.002 297.359 2.40763
1085 288.001 299.704 2.63874
1086 285.997 302 0.00258033
1087 285.998 303.999 0.00248298
1088 285.999 305.999 0.00130541
1089 286 874.002 1.99155
1090 285.356 871.998 2.09145
1091 290.001 876 3.9844
1092 292 182 3.92895
1093 290.049 186 2.84608
1094 290 186.38 2.03732
1095 290 189.06 2.2636
1096 286.256 192 2.67003
1097 287.998 192 0.00171155
1098 287.997 194 0.00255
1099 287.997 196 0.00255
1100 287.997 198 0.00255203
1101 287.998 199.999 0.0025508
1102 287.998 201.999 0.00181087
1103 287.999 204 0.00123732
1104 286 207.767 2.68231
1105 286 208 1.99219
1106 286 210.684 2.10602
1107 287.998 212 0.00171155
1108 287.999 214 0.00136366
1109 287.998 216 0.0023326
1110 287.999 218 0.00139486
1111 288 219.999 0.000913234
1112 289.8 220 2.68231
1113 290.002 224 1.99467
1114 290.002 226 1.99155
1115 290.002 228 1.99155
1116 292.002 230 3.98128
1117 292 232 4.04926
1118 292 234 4.04926
1119 294 236 5.89338
1120 292 282 4.04926
1121 290.002 284 2.01793
1122 290.002 286 1.99171
1123 290.002 288 1.99171
1124 290.002 290.732 2.13519
1125 290.001 293.35 2.41652
1126 288 294.001 0.000833791
1127 287.998 296 0.00192054
1128 287.997 298 0.00258033
1129 287.998 299.998 0.00304836
1130 288 874.001 2.02857
1131 286 874 1.99219
1132 288 875.998 0.00178327
1133 292.002 878 3.98128
1134 294.001 178 4.03395
1135 293.805 182 4.34567
1136 292.001 182 1.9993
1137 292.001 185.588 2.55359
1138 289.998 186 0.00155388
1139 289.998 187.999 0.00274594
1140 289.999 189.999 0.00133514
1141 289.999 191.999 0.000890195
1142 290 214 4.02462
1143 288 213.81 2.66161
1144 286 209.949 5.72669
1145 290 220 4.01203
1146 288.758 220.001 2.35857
1147 287.998 219.605 2.02972
1148 289.998 222.001 0.00184657
1149 289.998 224 0.00175139
1150 289.998 226 0.00162694
1151 289.999 228 0.00140184
1152 290 229.999 0.0010293
1153 292.001 232 2.00432
1154 292.001 232.973 2.23363
1155 292.001 234.861 2.31238
1156 294 238 3.92895
1157 294 266 4.04926
1158 292 268 1.99219
1159 292 270 1.99219
1160 292 272 1.99219
1161 292 274 1.99219
1162 292.002 276 2.0076
1163 292.002 278.334 2.01946
1164 292.002 280.715 2.11705
1165 292.001 282.649 2.08958
1166 290 284.001 0.000690332
1167 289.998 288 0.00218355
1168 289.997 290 0.00252846
1169 289.998 291.999 0.00223384
1170 289.998 293.999 0.00182902
1171 289.999 295.999 0.000890195
1172 290 876.002 2.01974
1173 289.998 876 0.00152605
1174 290 877.998 0.00216227
1175 294 880 3.92895
1176 296 174 3.92895
1177 294.001 178.223 3.00805
1178 294.001 178.45 2.07209
1179 293.41 182.001 2.45438
1180 291.999 182 0.00134519
1181 291.997 183.998 0.00319233
1182 291.999 185.999 0.000890195
1183 292 230 8.04916
1184 290 224.905 2.16766
1185 290 226.6 2.10878
1186 290.227 230.001 2.69072
1187 291.997 230 0.00255
1188 291.998 232 0.00173806
1189 291.999 233.999 0.000840054
1190 292.778 233.999 2.15107
1191 294.001 237.327 2.12601
1192 294.002 240 1.99171
1193 294.002 242 1.99171
1194 294.002 244 1.99171
1195 294.002 246 1.99171
1196 294.002 248 1.99171
1197 294.002 250 1.99171
1198 294.002 252 1.99171
1199 294.002 254 1.99171
1200 294.002 256 1.99171
1201 294.002 258 2.0076
1202 294.002 260 2.0076
1203 294.002 262 1.99467
1204 294.002 265.1 2.28171
1205 294 267.546 2.56541
1206 291.999 274.001 0.000889291
1207 291.999 276 0.00124761
1208 291.999 278 0.00134519
1209 291.997 280 0.00255979
1210 291.998 281.999 0.00258257
1211 289.999 284.872 2.21089
1212 291.998 285.998 0.00244989
1213 292 878 4.12533
1214 291.25 878.001 2.11933
1215 291.786 875.999 1.99706
1216 294.001 879.024 2.24646
1217 294 178 6.03689
1218 298 174.722 4.07909
1219 296.001 177.642 2.59386
1220 293.999 178 0.00123245
1221 293.998 179.999 0.00235586
1222 293.999 181.999 0.00170386
1223 294 238.001 8.02401
1224 292.169 234 2.72463
1225 292 234.491 2.05075
1226 293.998 236 0.00218355
1227 293.997 238 0.00252846
1228 293.998 240 0.00215551
1229 293.998 242 0.00152605
1230 293.998 244 0.00215551
1231 293.999 246 0.00123245
1232 293.998 248 0.00152605
1233 293.999 250 0.00123245
1234 293.998 252 0.00152605
1235 293.998 254 0.00215551
1236 293.998 256 0.0021753
1237 293.998 258 0.00244826
1238 293.998 260 0.00244946
1239 293.998 262 0.0023816
1240 293.998 264 0.00217236
1241 293.998 266 0.00189168
1242 293.998 268 0.00174
1243 291.998 270.196 2.02882
1244 292 271.403 2.08251
1245 291.999 274 2.02531
1246 291.999 276 2.02531
1247 291.999 275.999 2.86425
1248 294 878.002 2.01974
1249 289.998 877.549 4.01244
1250 293.839 877.998 2.00142
1251 298.001 882 3.9844
1252 298.001 170 2.02531
1253 298.176 174 2.94451
1254 296 176 1.99678
1255 295.998 175.998 0.00253115
1256 295.999 177.999 0.00130541
1257 296 242 2.01235
1258 294 240.047 2.77842
1259 296 246 2.01685
1260 294 245.367 2.11641
1261 294 248.905 2.16766
1262 294 249.367 2.11641
1263 294 250.047 2.77842
1264 296 880.001 2.02857
1265 296.001 881.998 0.00187444
1266 300.001 884 3.9844
1267 301.039 172.001 5.03749
1268 298 170.001 0.000736668
1269 297.998 173.999 0.00216832
1270 298 176 0.000605629
1271 298 882 3.94806
1272 296.049 882.001 2.83776
1273 293.999 880.08 4.41775
1274 298.679 881.999 2.14448
1275 302 886 3.92895
1276 300 168 2.01685
1277 304 168 3.92886
1278 301.334 172.001 2.38703
1279 299.998 171.998 0.00264104
1280 300 884.001 4.03395
1281 298.695 884 2.39351
1282 298.356 881.999 2.57849
1283 300.002 885.999 0.00165077
1284 304.001 164 2.02531
1285 304.002 167.607 2.55522
1286 301.998 169.999 0.0020536
1287 301.999 171.999 0.000890195
1288 302 886.001 4.03395
1289 301.999 884.001 0.0015398
1290 301.743 883.998 2.0355
1291 306.001 888 3.9844
1292 306 970 4.04926
1293 306 972 4.04926
1294 307.95 166.001 5.65513
1295 304 164.001 0.000991573
1296 303.999 167.998 0.00248298
1297 304 886.002 1.9948
1298 299.998 885.613 4.00086
1299 304.001 887.998 0.00183134
1300 308 890 4.04926
1301 307.801 970.001 4.29383
1302 306.001 970 2.00432
1303 306.001 969.837 2.91678
1304 306 162.001 2.00001
1305 308.001 165.964 2.77878
1306 305.999 165.999 0.00121476
1307 304 166 2.85231
1308 306 888.002 2.00764
1309 294 880.285 14.2837
1310 306.001 889.999 0.0016773
1311 310 892 3.92895
1312 312.001 964 6.07481
1313 308.002 967.855 2.7345
1314 305.999 970 0.000701159
1315 305.998 971.998 0.00328994
1316 310.002 161.227 2.33842
1317 310 162.379 2.02066
1318 307.999 163.999 0.00121476
1319 307.999 165.999 0.0011687
1320 308 890 4.12533
1321 307.999 888.002 0.00185252
1322 306.034 888 2.78431
1323 308.002 891.999 0.00180986
1324 312 894 3.92895
1325 312.002 964.255 4.56093
1326 309.763 966.001 2.67952
1327 307.998 967.999 0.00175742
1328 307.998 969.998 0.00266646
1329 316 154 6.05013
1330 312.002 156 2.00764
1331 311.917 160 2.775
1332 309.999 161.998 0.00168487
1333 309.999 163.999 0.00130541
1334 310 892 4.12533
1335 309.999 890.002 0.00180986
1336 309.321 889.999 2.10526
1337 312 893.2 2.16418
1338 314.001 958 4.03395
1339 312.173 962.002 2.97164
1340 309.999 965.998 0.00196785
1341 308 966 2.85231
1342 316 155.077 5.10123
1343 314.001 157.408 3.93305
1344 311.998 159.999 0.00208735
1345 310 160 2.81739
1346 312 894.001 4.05542
1347 310 892.491 2.05075
1348 312 893.998 0.00215551
1349 316.002 896 3.98128
1350 316 898 4.04926
1351 316 954 4.04926
1352 314.002 956.732 2.13519
1353 314.001 959.737 2.65774
1354 311.998 963.999 0.00234478
1355 311.999 965.999 0.00170386
1356 318 144 3.92895
1357 318.001 146 4.03395
1358 318.002 148 3.98128
1359 316.002 151.04 2.26091
1360 316.001 152.854 2.15982
1361 316.001 155.037 2.23543
1362 311.999 156 2.02003
1363 311.998 156.59 2.44032
1364 312 158.047 2.77842
1365 314 894.002 2.01974
1366 313.998 894 0.00215551
1367 314 895.999 0.000965928
1368 316.001 896.181 2.69072
1369 318.001 900 3.9844
1370 318.001 950 4.03395
1371 316.002 953.001 2.23752
1372 316.001 955.91 2.78686
1373 313.999 958 0.00081767
1374 313.997 960 0.00258033
1375 313.998 961.998 0.00264104
1376 312 962.095 2.77842
1377 320 138 4.01203
1378 320 140 4.04926
1379 318.002 142.513 2.07285
1380 320.001 144.76 4.07463
1381 318 147.62 2.57076
1382 315.998 152 0.00162506
1383 315.997 153.998 0.0030248
1384 315.999 155.999 0.00130541
1385 316 898.001 4.01287
1386 315.998 896 0.00233707
1387 313.999 897.174 2.17294
1388 316.75 897.999 2.16232
1389 320.001 902 3.9844
1390 320 904 4.01203
1391 320 946 4.04926
1392 320.002 949.691 4.3309
1393 318.001 951.888 2.75861
1394 315.999 954 0.00134903
1395 315.998 955.999 0.00214314
1396 314 956.035 2.81739
1397 322.002 134 3.98128
1398 320.002 136.644 2.09351
1399 320.001 138.472 2.06016
1400 320.001 141.842 2.72946
1401 317.999 142 0.000773476
1402 317.998 146 0.00244946
1403 317.998 148 0.0023816
1404 317.998 149.999 0.00253235
1405 315.999 149.999 2.83766
1406 318 900 4.12533
1407 317.999 898.002 0.00185252
1408 316 899.298 2.13433
1409 318.001 901.999 0.00108331
1410 320.001 902.999 2.23835
1411 322.001 906 4.03395
1412 322 942 3.92895
1413 320.851 946.001 3.4584
1414 320.001 947.455 2.45438
1415 320 949.846 2.81292
1416 317.998 950 0.00163667
1417 317.998 951.999 0.00264329
1418 315.999 952.666 2.40951
1419 316 954 2.83543
1420 324.001 128 4.03445
1421 324.002 130 3.98128
1422 322.002 133.764 2.6748
1423 319.999 136 0.000823974
1424 319.999 138 0.00124761
1425 319.997 139.999 0.00267789
1426 318 142.491 2.05075
1427 317.998 142.012 2.81668
1428 320 904 6.18795
1429 319.25 902.001 2.11933
1430 319.998 902 0.00233707
1431 317.999 902.07 2.77543
1432 320.002 905.999 0.00178277
1433 322.002 908 1.99171
1434 324 910 4.04926
1435 324.001 941.404 4.23926
1436 322.001 943.181 2.33831
1437 322.001 945.927 2.80758
1438 319.999 946 0.00081767
1439 319.998 947.998 0.00267372
1440 319.999 949.999 0.00130541
1441 326.001 124 3.9844
1442 324.002 127.356 2.42166
1443 324 129.188 2.34033
1444 321.999 132 0.000720011
1445 321.999 133.999 0.00133065
1446 321.998 135.999 0.00181087
1447 320.024 135.999 2.82846
1448 322 906.001 3.86907
1449 321.999 904.002 0.00182027
1450 319.998 905.75 2.02189
1451 321.999 907.999 0.00155652
1452 322.001 909.999 0.00153473
1453 326.001 912 4.01287
1454 326 932 3.92895
1455 328 934 6.05013
1456 324 936 1.99219
1457 324.002 939.335 2.40763
1458 324.001 941.927 2.73037
1459 321.998 943.999 0.00182085
1460 321.998 945.999 0.00216832
1461 320 946 2.83543
1462 328 114 4.04926
1463 328.001 116 3.9844
1464 328.001 118 3.9844
1465 326.002 120 2.0076
1466 326.002 123.353 2.40763
1467 326.001 125.445 2.45387
1468 323.999 126 0.00063472
1469 323.999 128 0.00134519
1470 323.997 129.999 0.00267789
1471 323.998 131.999 0.00181087
1472 322.024 131.999 2.82846
1473 324 912 6.05013
1474 323.999 908.001 0.0015398
1475 323.998 910 0.00153558
1476 324 911.998 0.00233707
1477 326.002 914 1.99155
1478 328.001 916 4.03395
1479 328.001 926 4.03395
1480 328.001 928 3.9844
1481 326.002 930.477 2.05133
1482 326.001 932.318 2.02252
1483 326 935.131 2.30838
1484 324 938 2.06133
1485 323.998 940 0.00167408
1486 323.998 941.999 0.00248298
1487 322 942 2.85231
1488 328 102 1.96451
1489 328.002 104 1.99155
1490 328.002 106 1.99155
1491 328.002 108 1.99155
1492 328.002 110 1.99155
1493 328.002 112.941 2.20264
1494 328.001 114.784 2.15294
1495 328.001 116 1.98527
1496 328 120.044 2.88562
1497 326 123.999 0.000907856
1498 324.024 125.999 2.82846
1499 330 130 3.92895
1500 330 132 3.92895
1501 326 912 4.12533
1502 325.322 912.002 2.13829
1503 325.997 912 0.00255
1504 322 909.091 6.28863
1505 326.002 915.999 0.00178277
1506 328.002 918 1.99467
1507 330.002 920 3.98128
1508 328.002 922 2.0076
1509 328.002 924.732 2.13519
1510 328.001 926.982 2.24774
1511 327.923 930 2.83496
1512 325.999 930 0.00134519
1513 325.998 932 0.00173806
1514 326 933.999 0.000606392
1515 328 937.218 2.37014
1516 325.998 937.999 0.00212188
1517 324 938 2.85231
1518 328 104 3.97615
1519 327.999 102.002 0.00202106
1520 327.999 104 0.00081767
1521 327.999 116 0.000823974
1522 327.998 118 0.00244946
1523 327.999 120 0.000675004
1524 325.999 122 2.02003
1525 326 123.45 2.07618
1526 328 124 2.00086
1527 330.001 129.052 2.28503
1528 330.001 130 2.00837
1529 330.001 131.349 2.10394
1530 330 134 1.99219
1531 332.001 136 4.03395
1532 328 916 3.94806
1533 327.999 914.001 0.0017314
1534 325.998 915.95 2.00858
1535 327.999 918 0.000675004
1536 327.999 922 0.000718123
1537 327.998 926 0.00162758
1538 327.998 927.999 0.00228115
1539 327.999 930 0.00126284
1540 329.63 934.001 2.54563
1541 325.998 934.348 2.60272
1542 328 938 0.000605629
1543 330 110.001 8.00345
1544 328 104.483 2.05075
1545 327.998 106.155 1.99792
1546 327.998 108.105 2.01041
1547 327.998 109.9 2.01007
1548 327.998 111.855 2.01303
1549 327.998 113.612 2.02972
1550 328 114.008 2.81739
1551 330 120 2.00086
1552 328 119.07 2.19883
1553 325.999 120.733 4.23295
1554 328.841 126 2.29587
1555 325.999 124.789 4.16494
1556 329.999 128.001 0.000938793
1557 329.999 130.001 0.00137292
1558 329.998 131.999 0.00208735
1559 329.622 131.999 2.04237
1560 332 134.8 2.3372
1561 332.002 138 1.99171
1562 332 140 1.96451
1563 334 142 4.04926
1564 330 920.001 4.05542
1565 328 918.702 2.10602
1566 327.998 919.473 2.07205
1567 328 922.491 2.05075
1568 327.998 922.872 2.29427
1569 328 925.333 2.11641
1570 328 926.095 2.77842
1571 332 932.457 3.18021
1572 329.998 933.998 0.00287945
1573 330 130 1.96451
1574 330.645 134.001 2.39218
1575 331.998 134.001 0.00179864
1576 329.998 135.762 2.02189
1577 331.998 137.998 0.00215816
1578 331.999 140.001 0.000852789
1579 332.001 141.999 0.00180585
1580 336 144 4.04926
1581 334 146 1.99219
1582 336 148 3.92895
1583 333.5 932.001 4.31483
1584 333.9 932 2.86011
1585 331.998 931.998 0.00246398
1586 331.999 933.999 0.000890195
1587 334 138 2.01235
1588 332 136.047 2.77842
1589 334 142 2.00175
1590 331.998 140.951 2.25167
1591 336 145.591 2.56541
1592 333.999 145.999 0.00122254
1593 336.001 147 2.24646
1594 336 150 1.96451
1595 336.1 928 2.9173
1596 336.001 929.837 2.71834
1597 333.999 929.998 0.00179784
1598 333.999 931.999 0.000890195
1599 336 144.002 1.9948
1600 333.998 143.274 2.12086
1601 335.999 146.001 0.00138379
1602 334.926 145.999 2.28433
1603 335.999 149.999 0.000890195
1604 338.1 926 2.9173
1605 337.808 928.002 2.67535
1606 335.999 927.999 0.00109172
1607 335.998 929.998 0.00244989
1608 338 148.001 2.00001
1609 335.999 145.974 2.86425
1610 340 150 1.99219
1611 342 152 4.04926
1612 338 926 4.12533
1613 340.001 925.868 2.71877
1614 338 925.999 0.000594008
1615 337.998 927.998 0.00244989
1616 340 150 1.99219
1617 336 148.055 4.45137
1618 340.001 151.999 0.00153473
1619 344 154 3.92895
1620 341.777 924.002 2.6748
1621 339.999 924 0.000887515
1622 339.998 925.998 0.00287945
1623 342 152 4.02462
1624 341.999 150.002 0.00165077
1625 339.998 150.59 2.44032
1626 342.001 153.999 0.00126986
1627 344 156 1.99219
1628 344.002 921.668 2.60774
1629 342 921.999 0.0007067
1630 341.998 923.999 0.00182902
1631 340 924.095 2.77842
1632 344 154 1.99219
1633 343.998 154 0.00173233
1634 342.807 151.999 4.16494
1635 346.001 158 2.00645
1636 345.478 920.002 2.47684
1637 343.999 920 0.00081767
1638 343.997 921.997 0.00360624
1639 346 156.001 2.00001
1640 346.001 156 0.000649211
1641 345.111 154 4.12435
1642 346.969 918.002 2.22104
1643 345.998 919.998 0.00244989
1644 348 156 1.99219
1645 347.998 155.999 0.0020536
1646 348.001 157.999 0.00140491
1647 352 160 3.92895
1648 350.601 916 3.31633
1649 350.001 918.001 2.85665
1650 347.999 917.998 0.00235586
1651 350 158.002 1.9948
1652 347.999 155.999 2.8402
1653 350.002 159.999 0.00180986
1654 352 162 1.96451
1655 352 914.667 3.31633
1656 352.001 915.455 2.45438
1657 349.999 915.999 0.00155652
1658 349.999 917.999 0.00170386
1659 352 160 4.02462
1660 351.999 158.002 0.00180986
1661 351.315 158 2.12324
1662 352 160 2.01235
1663 354 912.857 3.48691
1664 353.964 914.001 2.7932
1665 351.999 913.998 0.00182085
1666 351.999 915.999 0.00130541
1667 354 160 1.99219
1668 353.999 159.999 0.00155969
1669 355.854 160 2.72642
1670 357.9 910 4.45443
1671 355.84 912.002 2.74346
1672 353.999 911.999 0.0015742
1673 353.998 913.998 0.00244989
1674 356 162 4.02462
1675 354 161.81 2.66161
1676 356 161.999 0.00120481
1677 360 904 3.92895
1678 358.002 906.953 2.20264
1679 358.001 909.728 2.65342
1680 355.998 909.999 0.00209699
1681 355.999 911.999 0.00170386
1682 359.064 162.001 2.25649
1683 358.001 161.999 0.00153473
1684 360.1 904 2.9173
1685 359.614 906.002 2.59529
1686 357.999 906 0.00134519
1687 357.997 907.998 0.00319233
1688 357.999 909.999 0.000890195
1689 360 162 4.02462
1690 359.16 162 2.16418
1691 359.998 161.998 0.00304836
1692 362.1 902 2.9173
1693 362.001 903.787 2.67239
1694 360 903.999 0.00104063
1695 359.999 905.999 0.00170386
1696 364 160 2.01685
1697 366 162 4.04926
1698 362 902 4.12533
1699 364.001 901.868 2.71877
1700 361.999 901.999 0.000840054
1701 361.998 903.998 0.00244989
1702 364 162.001 4.03395
1703 363.999 160 0.000965105
1704 364 161.999 0.0012587
1705 368 896 4.04926
1706 366.002 899.907 2.76086
1707 363.999 899.999 0.000910659
1708 363.998 901.998 0.00244989
1709 366 162.001 1.99753
1710 366 161.998 0.00161091
1711 369.551 896.001 4.04726
1712 368.001 898.001 2.83451
1713 365.997 897.999 0.00263517
1714 365.998 899.998 0.00266646
1715 369.064 162.001 2.25649
1716 368.001 161.999 0.0016773
1717 370 894.457 3.18021
1718 367.997 895.997 0.00360624
1719 370.351 162 2.03186
1720 369.998 161.998 0.00335417
1721 372.002 891.201 2.3336
1722 371.462 894 2.45554
1723 369.997 893.997 0.0035416
1724 374.601 160 3.31633
1725 373.8 158 2.68231
1726 376 886 4.01203
1727 374.002 890.002 2.81648
1728 371.998 890 0.00173806
1729 371.998 891.998 0.00328994
1730 377.039 160.001 5.03749
1731 373.999 159.998 0.00191204
1732 378.001 885.474 4.25862
1733 376.001 888.001 2.8544
1734 373.997 887.998 0.00307788
1735 373.999 889.999 0.0011687
1736 376 158.001 4.03395
1737 376.001 158 0.000598046
1738 375.999 159.999 0.00130541
1739 380 880 3.92895
1740 378.002 884.002 2.83922
1741 375.998 885.997 0.00319233
1742 380 155.053 2.25734
1743 378.68 158.001 2.11997
1744 377.999 157.998 0.00195491
1745 380.1 880 2.9173
1746 380 881.965 2.79691
1747 377.999 882 0.00112153
1748 377.998 883.998 0.00239974
1749 377.999 885.999 0.000890195
1750 380 154 1.99219
1751 379.999 157.999 0.0011687
1752 384.001 877.404 4.23926
1753 382.001 879.843 2.69937
1754 379.998 879.999 0.00209699
1755 379.999 881.999 0.00133514
1756 378 882.095 2.77842
1757 382.948 154 2.20726
1758 381.999 153.999 0.000966018
1759 383.8 154 2.68231
1760 384.002 875.579 2.55522
1761 383.616 878 2.61681
1762 381.997 877.998 0.00319233
1763 381.999 879.999 0.000890195
1764 384 156 6.0176
1765 386.001 152.568 2.05912
1766 385.943 156 2.79382
1767 382 154 2.81739
1768 388.001 870 4.03395
1769 386.002 873.668 2.60774
1770 383.998 875.998 0.00335417
1771 387.107 152.001 2.29652
1772 385.999 152 0.000723111
1773 385.998 153.998 0.00244989
1774 390 866 4.01203
1775 388.002 868.751 2.14554
1776 387.482 872.001 2.47787
1777 385.998 871.999 0.00190772
1778 385.998 873.998 0.00244989
1779 390.001 149.187 2.31461
1780 388 151.998 0.00161091
1781 390.143 866 2.90028
1782 390.001 867.93 2.77142
1783 387.998 868 0.00155304
1784 387.998 869.999 0.00253235
1785 387.999 871.999 0.0011687
1786 390 148 1.99219
1787 389.999 147.999 0.00136793
1788 392.001 150.667 2.08055
1789 389.999 151.999 0.00133514
1790 394.002 863.691 4.3309
1791 391.964 866.001 2.7932
1792 389.998 865.998 0.00251702
1793 389.999 867.999 0.00130541
1794 394 146.719 2.1196
1795 393.723 150.001 2.63843
1796 391.055 147.999 2.22622
1797 391.999 151.999 0.000890195
1798 394.002 861.752 2.6748
1799 391.997 863.998 0.00319233
1800 391.999 865.999 0.000890195
1801 398.001 148.001 5.63488
1802 393.999 146 0.000825552
1803 394.001 148 0.000690332
1804 393.999 149.999 0.00170386
1805 398 228 3.92895
1806 398.001 230 4.03395
1807 398.001 232 3.9844
1808 398.001 857.867 4.44678
1809 395.727 860 2.63921
1810 393.998 860 0.00155304
1811 393.998 861.998 0.00304836
1812 398.001 140 2.02531
1813 398 144 2.81739
1814 396 143.999 0.000913234
1815 397.334 148.001 2.38703
1816 394.382 145.999 2.56882
1817 400 214 4.04926
1818 400 216 4.04926
1819 398.002 218 1.99171
1820 398.002 220 1.99171
1821 398.002 222 1.99155
1822 398.002 224 1.99155
1823 398.002 226.489 2.05133
1824 398 228.333 2.03186
1825 398 231.06 2.2636
1826 396 231.998 0.00178327
1827 398.002 234 2.0076
1828 398 236 1.99219
1829 400 852 4.01203
1830 400.002 855.691 4.3309
1831 398.001 858.001 2.85665
1832 395.999 857.999 0.00155652
1833 395.999 859.999 0.00130541
1834 400.127 142.001 4.51153
1835 398 140.001 0.000598046
1836 397.998 144 0.00158364
1837 396 144.508 2.49358
1838 398 148 0.000605629
1839 402.001 206 3.9844
1840 400.002 208 2.00764
1841 400 210 1.99219
1842 400.002 212.941 2.20264
1843 400.001 214 2.00432
1844 399.097 218.001 2.29957
1845 397.998 220 0.00219131
1846 397.997 222 0.00255
1847 397.997 224 0.00255
1848 397.997 226 0.00255622
1849 397.998 228 0.00237299
1850 397.998 230 0.00246571
1851 397.998 232 0.0021753
1852 395.998 233.412 2.09167
1853 397.999 235.999 0.00153478
1854 398.002 238 0.00216454
1855 400.002 240 2.00764
1856 402.001 242 3.9844
1857 400.143 852 2.90028
1858 400.001 853.572 2.54872
1859 397.999 855.999 0.00155652
1860 397.999 857.999 0.00170386
1861 400 142 6.03689
1862 402 138.38 2.03732
1863 400 142.001 2.00217
1864 400 141.999 0.00110287
1865 399.999 143.999 0.000890195
1866 404.001 202 4.03395
1867 402.002 205.359 2.40763
1868 402.001 207.445 2.45387
1869 400 207.999 0.000594008
1870 400 212.001 1.98527
1871 399.997 212 0.00255
1872 399.997 213.999 0.00267789
1873 399.998 216 0.00173233
1874 399.998 217.998 0.00244989
1875 400 238.001 4.03395
1876 399.999 236.002 0.00187055
1877 397.999 237.762 2.01282
1878 399.999 239.999 0.000840054
1879 400.491 240 2.05075
1880 402.002 244 2.00764
1881 403.801 850 4.28897
1882 401.964 852.001 2.7932
1883 399.999 852 0.00136366
1884 399.998 853.999 0.00271681
1885 399.999 855.999 0.00130541
1886 408 132 5.89338
1887 406.002 134 3.98768
1888 404.015 138.001 2.83497
1889 402 137.999 0.00125128
1890 404.001 141.964 2.77878
1891 401.998 141.998 0.00244989
1892 406 198 4.04926
1893 404.002 200.77 2.14037
1894 403.495 204 2.50032
1895 401.999 204 0.00134519
1896 401.997 206 0.00255979
1897 401.998 207.999 0.00240098
1898 400 208 2.81739
1899 402 244 8.04916
1900 400.833 240.001 2.31238
1901 400 240.491 2.05075
1902 401.998 242 0.00216227
1903 399.999 239.89 4.57628
1904 404.002 246 1.99171
1905 404.002 248 1.99171
1906 406 250 3.92895
1907 406 844 4.04926
1908 404.537 848.001 3.23828
1909 403.077 850 2.32106
1910 401.998 849.999 0.00234478
1911 401.999 851.999 0.00170386
1912 404 138 8.04916
1913 406.001 133.465 2.47218
1914 403.998 137.999 0.00185593
1915 402 138 2.81739
1916 406 194.491 2.05214
1917 406 198.04 2.87954
1918 404.895 200 2.20912
1919 403.998 200 0.00175566
1920 403.998 201.999 0.00235586
1921 403.999 203.999 0.00170386
1922 404 246.001 3.99865
1923 403.999 244.001 0.00153473
1924 403.998 246 0.00215551
1925 404 247.998 0.00158364
1926 406.001 249.349 2.10394
1927 406.001 844.052 2.86425
1928 406.001 845.455 2.45438
1929 403.998 847.998 0.00264104
1930 403.999 849.999 0.000890195
1931 410 126 3.92895
1932 408.002 128 1.99171
1933 407.027 132.002 2.26091
1934 405.998 134 0.0017357
1935 405.998 135.998 0.00287945
1936 405.999 137.999 0.000890195
1937 407.369 194 2.42661
1938 405.998 197.999 0.0020536
1939 405.999 199.999 0.000890195
1940 406 250.001 3.9844
1941 405.998 248.001 0.00191561
1942 403.999 247.347 3.32324
1943 408.002 252 1.99467
1944 410 254 4.04926
1945 410 838 4.04926
1946 408.002 841.001 2.23752
1947 407.41 844.001 2.45438
1948 405.997 844 0.00255979
1949 405.998 845.998 0.00328994
1950 410.025 126 2.81225
1951 410.001 127.787 2.67239
1952 408 127.999 0.000950703
1953 409.828 132.001 2.71101
1954 407.998 131.998 0.00317403
1955 406 132 2.83543
1956 412.286 190 4.76426
1957 410 192.04 2.87954
1958 409.943 194 2.79382
1959 406.024 193.999 2.82846
1960 408 252 4.02462
1961 407.999 250.002 0.00185252
1962 406 250.666 2.41153
1963 408.001 253.999 0.00164602
1964 412 256 4.04926
1965 410.851 838.001 3.4584
1966 410.001 839.952 2.81186
1967 407.998 840 0.00155304
1968 407.998 841.998 0.00304836
1969 414 116 3.92895
1970 414 118 3.92895
1971 414.002 120 3.98128
1972 412.002 122.585 2.07488
1973 412.001 125.821 2.71834
1974 409.998 128 0.0017357
1975 407.998 127.998 2.83922
1976 412.001 187.539 2.55138
1977 412.001 191.13 2.29957
1978 409.999 192 0.00110287
1979 409.998 193.998 0.00244989
1980 410 254 4.02462
1981 409.999 252.002 0.00180986
1982 407.999 252.678 2.38184
1983 411.115 253.999 2.29708
1984 414 258 4.04926
1985 414 832 4.04926
1986 412.002 835.437 2.47007
1987 411.167 838 2.27118
1988 409.998 837.998 0.00222637
1989 409.999 839.999 0.00130541
1990 414.025 116 2.81225
1991 414.001 116 1.9993
1992 414.24 120 2.99189
1993 412 122 0.000548389
1994 411.998 124 0.00190699
1995 411.998 125.998 0.00276219
1996 410 126 2.83543
1997 413.52 186.001 2.5195
1998 413.097 190.001 2.29957
1999 411.998 189.998 0.00264104
2000 411.999 191.999 0.000890195
2001 412 256 4.02462
2002 411.999 254.001 0.00140491
2003 409.998 255.274 2.12086
2004 412.001 257.999 0.00164602
2005 414 260 1.99219
2006 416.001 828 3.9844
2007 414.002 830.953 2.20264
2008 413.948 834 2.79198
2009 411.999 834 0.00118681
2010 411.998 835.999 0.00253235
2011 411.999 837.999 0.0011687
2012 414 116 3.97615
2013 415.906 116.001 2.75353
2014 413.999 116 0.000847708
2015 413.998 119.999 0.0025508
2016 413.998 121.999 0.0020536
2017 412 122.024 2.77842
2018 416 183.053 2.25734
2019 413.999 186.001 0.000780578
2020 413.999 187.998 0.00191204
2021 414 258.002 2.00764
2022 412 257.174 2.17145
2023 414 258 1.99219
2024 418.001 262 3.9844
2025 418 824 4.04926
2026 416.002 827.335 2.40763
2027 416.001 829.927 2.80758
2028 413.999 830 0.000847708
2029 413.998 831.999 0.00258257
2030 413.999 833.999 0.00170386
2031 420 106 4.01203
2032 420.001 108 3.9844
2033 418.002 110 1.99171
2034 417.995 114.001 2.82873
2035 415.999 113.999 0.000910659
2036 413.999 117.084 2.28108
2037 414.005 115.999 2.82935
2038 416.491 182 2.05214
2039 415.999 181.999 0.00136793
2040 418 187 2.22836
2041 414 186 2.85231
2042 416 260.001 4.03395
2043 414 259.8 2.68231
2044 415.998 260 0.00173233
2045 416 261.998 0.00178327
2046 422 264 5.89338
2047 420 820 4.01203
2048 418.851 824.001 3.4584
2049 417.955 826.001 2.78686
2050 415.999 826 0.00081767
2051 415.997 827.999 0.00267789
2052 415.998 829.998 0.00244989
2053 422 100 3.92895
2054 422.001 102 3.9844
2055 420.002 104.644 2.09351
2056 420.001 107.063 2.28014
2057 420.001 109.019 2.23543
2058 417.998 111.999 0.00251212
2059 417.998 113.999 0.00226551
2060 416 114.024 2.77842
2061 420 185.8 4.23325
2062 415.999 183.974 2.86425
2063 418 262.002 1.99171
2064 416.76 260 2.3571
2065 418.952 262 2.16766
2066 422.001 819.965 4.41442
2067 420.001 821.072 2.28014
2068 419.462 824 2.45554
2069 417.997 823.999 0.00262057
2070 417.998 825.998 0.00244989
2071 424 94 4.04926
2072 424.001 96 4.03445
2073 422.002 98.4946 2.05133
2074 422.001 101.189 2.33831
2075 422.001 103.982 2.80758
2076 419.999 104 0.00081767
2077 419.999 106 0.000980836
2078 419.997 107.999 0.00267789
2079 419.998 109.998 0.00244989
2080 422.002 180.846 2.16664
2081 422.001 183.964 2.77878
2082 419.998 183.998 0.00244989
2083 420 262.001 2.02531
2084 419.999 262 0.00123732
2085 420.002 263.999 0.00178277
2086 422.002 266 2.01793
2087 424 812 3.92895
2088 424.002 814 3.98768
2089 422.002 817.335 2.40763
2090 421.077 820 2.32106
2091 419.998 820 0.00213351
2092 419.998 821.998 0.00328994
2093 426 86 4.04926
2094 426.001 88 3.9844
2095 426.001 90 3.9844
2096 424.002 92.9415 2.20264
2097 424.001 94.5457 2.07656
2098 423.985 98.0009 2.82001
2099 421.999 98 0.000818946
2100 421.999 100 0.00130028
2101 421.997 101.999 0.00267789
2102 421.998 104 0.00174
2103 420.019 103.999 2.82496
2104 422.851 180.001 2.18071
2105 422 180 0.000598472
2106 421.998 181.998 0.00244989
2107 422 264.002 2.0076
2108 414 261.1 8.52435
2109 421.058 261.999 4.14173
2110 426.001 268 4.03395
2111 425.9 812 4.45443
2112 424.001 813.334 2.38886
2113 422.818 816 2.13682
2114 421.997 816 0.00258033
2115 421.998 817.998 0.00276219
2116 422 820 0.000605629
2117 428 78 3.92895
2118 428 80 4.04926
2119 428.002 82 3.98768
2120 426.002 84.9415 2.20264
2121 426.001 86.7844 2.15294
2122 426.001 88 1.98527
2123 425.047 92 2.25568
2124 423.999 94 0.00134519
2125 423.997 95.9992 0.00267789
2126 423.999 97.9995 0.00122254
2127 422.024 97.999 2.82846
2128 426.001 178.223 3.00805
2129 426.001 179.964 2.77878
2130 423.998 179.998 0.00244989
2131 424 266.001 2.02531
2132 422 265.28 2.16607
2133 424.002 267.999 0.00178277
2134 428 270 4.04926
2135 428 806 4.01203
2136 426.002 809.128 2.28171
2137 425.41 812.001 2.45438
2138 423.998 812 0.00196063
2139 423.998 813.998 0.00304836
2140 430.002 77.1696 4.14741
2141 428.001 78.5957 2.08706
2142 428.001 81.0117 2.24633
2143 428 83.9773 2.79974
2144 425.999 84 0.00081767
2145 425.997 86 0.00255
2146 425.997 87.9996 0.00258033
2147 425.998 90 0.00215551
2148 425.998 91.999 0.00235586
2149 424.024 91.999 2.82846
2150 426 98.0004 1.98843
2151 424 96.0237 2.77842
2152 430.001 175.895 4.41442
2153 428.001 177.341 2.39668
2154 425.998 177.998 0.00244989
2155 426 266.002 0.00206492
2156 421.999 265.949 4.50059
2157 426.001 269.999 0.00153473
2158 430.001 805.474 4.25862
2159 428.001 807.572 2.54872
2160 425.998 809.998 0.00264104
2161 425.999 811.999 0.000890195
2162 432 72 3.92895
2163 430.002 75.8633 2.73696
2164 430 78.0003 2.81292
2165 427.998 80 0.00162694
2166 427.997 81.9992 0.00267789
2167 427.998 83.9983 0.00244989
2168 428 176.001 3.9844
2169 430.001 175.037 2.23543
2170 427.998 175.998 0.00264104
2171 428 270.002 1.99171
2172 427.605 267.998 2.02972
2173 432 800 3.92895
2174 430.002 803.811 2.69581
2175 427.997 805.999 0.00267789
2176 427.998 807.998 0.00244989
2177 433.76 72.0004 4.29401
2178 432.001 73.8208 2.71834
2179 429.999 74.0002 0.00063472
2180 429.998 75.9998 0.00213351
2181 429.998 77.9986 0.00271681
2182 428.016 77.9995 2.82881
2183 431.222 174 2.3504
2184 429.998 173.998 0.00271605
2185 429.999 175.999 0.000890195
2186 430 270 1.99219
2187 429.998 269.998 0.00244989
2188 432.002 272 1.99155
2189 434 796 4.01203
2190 432.002 798.564 2.07488
2191 431.97 802.002 2.83956
2192 429.999 802 0.00136366
2193 429.998 803.998 0.00328994
2194 434.888 70.001 3.50271
2195 434.001 71.9325 2.78686
2196 431.999 71.9992 0.00109172
2197 431.998 73.9987 0.00216832
2198 430 73.9996 2.83543
2199 433.165 172.001 2.31755
2200 432 171.999 0.00100787
2201 431.999 173.999 0.000890195
2202 432 272.002 1.99155
2203 430.737 269.998 2.36238
2204 434.002 274 2.00764
2205 436.001 795.965 4.41442
2206 434.001 797.661 2.59386
2207 432 798 0.000548389
2208 431.997 799.999 0.00282137
2209 431.999 801.999 0.00170386
2210 438 64 3.92895
2211 436.002 67.4201 2.45931
2212 435.57 70 2.54311
2213 433.999 69.9992 0.0015742
2214 433.998 71.9983 0.00244989
2215 436.601 170 3.31633
2216 436.001 170.45 2.07209
2217 433.999 171.999 0.00170386
2218 434 274.001 4.03395
2219 434 272.001 0.00143366
2220 433.5 271.998 2.07205
2221 438 790 4.04926
2222 436.002 793.401 2.45931
2223 435.167 796 2.27118
2224 433.998 795.999 0.00214314
2225 433.998 797.998 0.00244989
2226 438.037 64.0003 2.82916
2227 438.001 65.8902 2.75353
2228 435.998 67.9988 0.00264329
2229 435.999 69.9988 0.00170386
2230 439.374 168.001 3.9022
2231 438.001 169.676 2.6053
2232 435.998 169.998 0.00304836
2233 436 274 3.92895
2234 434.833 274.001 2.31238
2235 435.999 273.999 0.00153478
2236 436.001 276 0.000886819
2237 440 786 4.04926
2238 438.002 789.053 2.26091
2239 438.001 791.952 2.81186
2240 435.998 792 0.00155304
2241 435.998 793.998 0.00276219
2242 436 796 0.000605629
2243 442.001 62.7506 4.88233
2244 439.591 64.0013 2.5585
2245 437.998 65.9977 0.00328994
2246 440 167.801 4.28897
2247 439.436 168 2.45126
2248 437.998 167.998 0.00328994
2249 438 276.001 4.03395
2250 436 274.6 2.10878
2251 438 275.999 0.00120481
2252 442 782 3.92895
2253 440.002 785.053 2.26091
2254 440.001 787.637 2.60959
2255 437.999 788 0.000606392
2256 437.998 789.998 0.00288448
2257 437.999 791.999 0.00130541
2258 442.001 60.2414 3.00805
2259 442 61.6153 2.57076
2260 439.998 63.9977 0.00328994
2261 443.401 164 3.97791
2262 441.334 166.001 2.38703
2263 439.998 165.998 0.00304836
2264 440 276.001 2.02531
2265 440.001 275.999 0.00138379
2266 444.001 781.404 4.23926
2267 442.001 783.837 2.71834
2268 439.999 784 0.00114361
2269 439.998 785.999 0.00227386
2270 439.998 787.998 0.00244989
2271 442 60.0007 3.99385
2272 443.996 60.0006 2.83037
2273 441.998 61.9978 0.00304836
2274 442 164.001 3.99521
2275 444 162.579 2.09986
2276 441.998 163.998 0.00244989
2277 442 276.002 1.9948
2278 441.999 275.998 0.00200457
2279 444.002 278 2.00764
2280 446.001 776 3.9844
2281 444.002 779.335 2.40763
2282 443.462 782 2.45554
2283 441.998 781.999 0.00228115
2284 441.999 783.999 0.0014334
2285 440 784 2.83543
2286 445.77 58.0009 2.66502
2287 443.998 59.9977 0.00328994
2288 448 158 4.01203
2289 446.002 161.988 2.81668
2290 443.998 161.998 0.00304836
2291 444 278 4.04926
2292 443.999 276.001 0.00164602
2293 443.842 275.998 2.01303
2294 448 770 3.92895
2295 446.002 772 1.9948
2296 446.002 775.401 2.45931
2297 444.385 778 2.09713
2298 443.998 778 0.00193352
2299 443.998 779.998 0.00287945
2300 443.999 781.999 0.000890195
2301 448.001 57.6231 4.15098
2302 445.998 57.9978 0.00304836
2303 446 160 4.01203
2304 448.001 159.978 2.80072
2305 445.998 159.998 0.00304836
2306 446 278.002 1.99171
2307 445.999 277.998 0.00212188
2308 446.001 280 0.0013726
2309 450.002 769.127 4.14741
2310 448.001 771.501 2.47218
2311 445.999 772.001 0.000883196
2312 445.998 773.999 0.00251212
2313 445.998 775.999 0.00226551
2314 445.999 777.999 0.000890195
2315 448 56.0009 3.99865
2316 447.456 56.001 2.07653
2317 447.999 55.9975 0.00267789
2318 452 154 4.04926
2319 449.618 158.001 2.57182
2320 447.998 157.998 0.00276219
2321 448 280.001 4.03395
2322 448 278.001 0.00086088
2323 447.825 278 2.00098
2324 452 764 4.04926
2325 450.002 767.752 2.6748
2326 447.998 769.999 0.00258257
2327 447.999 771.999 0.0014334
2328 450 56.0007 3.99385
2329 452 55.9754 2.79941
2330 449.998 55.9983 0.00244989
2331 450 152.001 0.000886819
2332 452.001 154.796 2.15294
2333 449.998 155.999 0.00216832
2334 450 158 0.000605629
2335 450 280 3.92895
2336 450.645 280.001 2.08225
2337 450 279.998 0.00157762
2338 454.001 761.867 4.44678
2339 452 762.788 2.14898
2340 451.851 766.001 2.7445
2341 449.998 766 0.00246571
2342 449.998 767.998 0.00304836
2343 448 770 2.83543
2344 452 54.0003 2.00086
2345 452 53.9983 0.00178327
2346 456.001 150 4.03395
2347 453.366 154 2.41996
2348 451.998 153.997 0.0030248
2349 452 280.001 4.03395
2350 449.777 280.001 2.98062
2351 452 279.998 0.00173233
2352 456.001 282 4.03395
2353 456.001 756 4.03395
2354 454.002 758.751 2.14554
2355 454.001 761.888 2.75861
2356 451.999 762 0.00124942
2357 451.998 763.998 0.00328994
2358 454 54.0001 2.00034
2359 454 53.9978 0.00217236
2360 460 146 5.89338
2361 456.001 150.223 3.00805
2362 456.001 151.964 2.77878
2363 453.999 151.999 0.000966018
2364 453.999 153.999 0.00130541
2365 454 280 1.99219
2366 452 278.2 2.65422
2367 454.001 281.999 0.0015398
2368 458 752 4.04926
2369 456.002 754.846 2.16664
2370 455.6 758 2.57076
2371 453.999 758 0.00124761
2372 453.997 759.999 0.00288306
2373 453.999 761.999 0.00170386
2374 456 54.0013 2.00234
2375 456 53.9981 0.00189168
2376 462 56 6.05013
2377 460 147.905 5.5569
2378 458.001 149.114 2.29804
2379 455.999 149.999 0.000966018
2380 455.999 151.999 0.00170386
2381 456 282 4.01203
2382 456 280.001 0.00134363
2383 455.605 279.998 2.02972
2384 458 748 1.99219
2385 458.002 750.953 2.20264
2386 458.001 753.73 2.6053
2387 455.998 755.999 0.00235586
2388 455.999 757.999 0.00170386
2389 458 54.0003 2.00086
2390 457.999 53.9992 0.00121476
2391 458.001 55.9991 0.0015398
2392 462.001 143.439 4.23926
2393 460 144.333 2.03186
2394 459.6 148 2.57076
2395 457.998 147.998 0.00222637
2396 457.999 149.999 0.00130541
2397 458 282 3.92895
2398 458.333 282.001 2.04011
2399 458 281.998 0.00173233
2400 462 742 4.04926
2401 460.002 744 1.9948
2402 460.002 747.401 2.45931
2403 458 748.001 0.000833791
2404 457.999 750 0.00136366
2405 457.998 751.999 0.00240098
2406 457.998 753.998 0.00244989
2407 460 56.0007 3.99385
2408 459.999 54.0013 0.00156508
2409 460 55.9978 0.00216227
2410 464 58 3.92895
2411 464 138 4.04926
2412 462 142 2.81739
2413 462.001 143.556 2.52027
2414 459.998 144 0.0023816
2415 459.998 145.999 0.00253235
2416 459.999 147.999 0.0011687
2417 460 282 4.01203
2418 459.6 282 2.0257
2419 460 281.998 0.00173233
2420 464 284 3.92895
2421 462.002 738 1.99171
2422 462.002 741.053 2.26091
2423 462.001 743.19 2.32472
2424 460 744.001 0.000583257
2425 459.998 745.999 0.00260131
2426 459.998 748 0.00161091
2427 459.999 749.999 0.00170386
2428 462 56.0012 2.00066
2429 461.998 55.9983 0.00239974
2430 462.001 57.9994 0.00113104
2431 464.001 138.026 2.86425
2432 464 139.591 2.56541
2433 460 143.177 3.75203
2434 461.997 141.997 0.00360624
2435 462 282 3.92895
2436 460.833 282.001 2.31238
2437 461.999 281.999 0.00122254
2438 464.001 282.645 2.39218
2439 466.001 732 3.9844
2440 464.002 734 1.99467
2441 464.002 737.974 2.81668
2442 461.999 738 0.000610726
2443 461.998 740 0.00169687
2444 461.998 741.999 0.00240098
2445 461.998 743.998 0.00244989
2446 464 58.0006 4.0007
2447 464.651 58.0007 2.09899
2448 463.533 55.9994 2.05551
2449 468.001 132 4.03395
2450 467.597 136.001 4.09912
2451 466.001 137.023 2.24633
2452 463.999 137.999 0.00142858
2453 463.999 139.999 0.00170386
2454 464 284 4.04926
2455 463.529 281.998 2.07162
2456 468.001 728.983 4.10437
2457 466 731.273 2.3876
2458 465.9 734 2.86011
2459 463.998 734 0.00175566
2460 463.998 735.999 0.00223384
2461 463.998 737.999 0.00182902
2462 462 738.095 2.77842
2463 466 58 3.9998
2464 465.999 56.0003 0.000965105
2465 466.001 57.9988 0.0017314
2466 469.801 132 4.28897
2467 468.001 133.529 2.52481
2468 465.997 135.998 0.00319233
2469 465.999 137.999 0.000890195
2470 466 284.001 4.03395
2471 461.999 283.2 4.21756
2472 466.001 283.999 0.00131524
2473 468 724 1.99219
2474 468.002 727.335 2.40763
2475 466 730 1.95525
2476 465.998 730 0.00182288
2477 465.998 731.998 0.00287945
2478 465.999 733.999 0.000890195
2479 468 58.0009 2.00025
2480 466.978 55.9991 2.24344
2481 472.002 60 3.98128
2482 472 126 4.04926
2483 470.002 129.607 2.55522
2484 469.037 132.001 2.23543
2485 467.998 132 0.00192323
2486 467.998 133.998 0.00346237
2487 468 284 1.99219
2488 468 283.998 0.00174
2489 472 718 3.92895
2490 470.002 720 1.9948
2491 470.001 724.873 3.54702
2492 467.999 724.001 0.000973068
2493 467.999 725.999 0.0015742
2494 467.998 727.999 0.0020536
2495 467.999 729.999 0.000890195
2496 470 60.0009 3.99865
2497 469.999 58.0009 0.00153473
2498 470 59.9978 0.00216227
2499 474.001 62 3.9844
2500 474.001 122 4.03395
2501 472.001 126.026 2.86425
2502 472.001 127.69 2.6053
2503 469.998 129.998 0.00264104
2504 469.999 131.999 0.000890195
2505 470 284.002 2.01793
2506 470 283.998 0.00157762
2507 476 286 6.05013
2508 474.001 712 4.03395
2509 474.001 714.983 4.10437
2510 472.002 716.172 1.99698
2511 472.001 719.501 2.47218
2512 470 719.999 0.000697674
2513 467.999 724 2.02531
2514 469.999 725.999 0.00170386
2515 472 60.0012 2.00066
2516 467.999 58.9735 4.1416
2517 472.493 59.9997 2.05967
2518 476 64 3.92895
2519 474 124.322 4.76426
2520 474.001 122.349 2.04248
2521 472 126.001 2.00079
2522 471.998 125.999 0.00179784
2523 471.998 127.998 0.00244989
2524 472 284 1.99219
2525 471.999 283.999 0.000966018
2526 473.8 284 2.68231
2527 476 704 4.04926
2528 474.002 706 1.99171
2529 474.002 708 2.0076
2530 474.002 710.715 2.11801
2531 474 713.04 2.2636
2532 472 716 2.06133
2533 471.999 716 0.00136366
2534 471.998 717.999 0.00179784
2535 470 720 1.99219
2536 470 720.035 2.81739
2537 474 62.0001 2.00034
2538 468.319 57.9991 6.92494
2539 474.002 63.9994 0.00180986
2540 478.001 116 4.03395
2541 476.002 118.369 2.04138
2542 475.899 122 2.76255
2543 473.998 121.999 0.00211103
2544 473.999 123.999 0.00133514
2545 473.999 125.999 0.000890195
2546 474 286 4.04926
2547 471.999 284.872 2.21089
2548 474.001 285.998 0.00183134
2549 478 696 3.92895
2550 478.001 698 3.9844
2551 476.002 700 2.00764
2552 476.002 702.953 2.20264
2553 476.001 705.455 2.45438
2554 473.998 708 0.00245038
2555 473.997 710 0.00255203
2556 473.998 711.999 0.0025508
2557 473.998 713.999 0.00181087
2558 473.999 715.999 0.00133514
2559 472 716.095 2.77842
2560 476.551 64.0012 2.07257
2561 476 63.9977 0.00232634
2562 478.002 66 2.00764
2563 478 116.881 3.48691
2564 478.001 117.737 2.65774
2565 475.999 118 0.00140856
2566 475.998 119.998 0.00237366
2567 475.999 121.999 0.00130541
2568 476 286.002 2.00764
2569 476 285.998 0.00232634
2570 480 692 4.04926
2571 478.002 694.527 2.0798
2572 478.001 697.144 2.30547
2573 478.001 699.482 2.45387
2574 475.999 700 0.00063472
2575 475.999 702 0.00081767
2576 475.998 703.999 0.00182085
2577 475.998 705.998 0.00244989
2578 478 64.0006 4.0007
2579 477.244 64.0014 2.1338
2580 477.998 64 0.00232634
2581 477.843 63.9988 2.00603
2582 482.002 68 3.98768
2583 482 70 3.92895
2584 482 106 4.01203
2585 482.001 108 3.9844
2586 482.001 110 4.03445
2587 480.002 112.519 2.07285
2588 479.303 116.001 2.38886
2589 477.998 115.998 0.00251702
2590 477.999 118 0.000968632
2591 476 118.024 2.77842
2592 478 286.002 2.00764
2593 478 285.998 0.0023326
2594 482 686 4.01203
2595 482 688 4.04926
2596 480.002 691.128 2.28171
2597 479.223 694.001 2.38901
2598 477.999 694 0.00063472
2599 477.998 696 0.00172361
2600 477.997 697.999 0.00267789
2601 476 700 1.99219
2602 476 701.088 2.19883
2603 476 702 2.85231
2604 480 66.0015 1.99818
2605 476 65.1249 4.13462
2606 480.001 67.9987 0.00137633
2607 482.001 69.3408 2.10394
2608 482.002 72 2.0076
2609 484.001 74 3.9844
2610 484 96 4.04926
2611 482.002 100 2.0076
2612 482.002 102 1.99155
2613 482.002 104.644 2.09351
2614 482.001 107.063 2.28014
2615 482.001 107.611 2.0244
2616 480.348 112 2.03854
2617 479.998 111.999 0.00162572
2618 479.998 113.999 0.00226551
2619 479.999 115.999 0.000890195
2620 480 286.002 1.99171
2621 480 285.998 0.00219666
2622 488.001 288 8.06722
2623 482.002 684.737 2.13052
2624 482.001 686.546 2.05912
2625 482.001 689.73 2.6053
2626 479.999 690 0.00126169
2627 479.998 692 0.00189168
2628 479.998 693.999 0.00195491
2629 478.071 694 2.73598
2630 482 70.0005 6.00028
2631 480.8 68.0004 2.3372
2632 481.998 68.0001 0.00245038
2633 481.997 69.9999 0.00255203
2634 481.999 71.9993 0.00143483
2635 482.493 71.9997 2.05967
2636 484.002 76 2.00346
2637 484.002 78 2.0076
2638 484.002 80 1.99171
2639 484.002 82 2.01793
2640 486 84 4.04926
2641 486 86 4.04926
2642 486 88 4.04926
2643 484 90 1.99219
2644 484.002 92 2.00346
2645 484.002 94.9885 2.23752
2646 484 92.409 4.12229
2647 483.77 100.001 2.66502
2648 481.998 100 0.00162506
2649 481.998 102 0.00192054
2650 481.997 104 0.00255
2651 481.997 106 0.00255
2652 481.997 107.999 0.00267789
2653 481.998 109.999 0.00191204
2654 481.999 111.999 0.00130541
2655 482 286 1.99219
2656 482 285.999 0.000809267
2657 482.6 286 2.10878
2658 486.002 678 3.98768
2659 484.002 680 2.0076
2660 483.87 684.002 2.73696
2661 481.999 684 0.00113446
2662 481.999 686 0.00134005
2663 481.998 687.999 0.00271681
2664 481.999 689.999 0.00130541
2665 484 76.0007 5.99769
2666 481.999 73.6031 2.57986
2667 483.998 74.0004 0.00218355
2668 483.997 75.9999 0.00250492
2669 483.998 77.9997 0.00246571
2670 483.999 79.9994 0.00136482
2671 486.001 84 2.00432
2672 486.001 86 1.9883
2673 485.971 90.0004 2.83485
2674 483.999 90.0008 0.00111841
2675 483.997 91.9999 0.00250492
2676 483.998 93.9994 0.00251212
2677 483.998 96.0003 0.00190471
2678 481.998 96.7734 2.33989
2679 483.999 99.9998 0.000849536
2680 482 100.024 2.77842
2681 484 286 1.99219
2682 483.999 285.999 0.000966018
2683 484.872 285.999 2.21089
2684 486.002 677.633 2.58423
2685 485 680 2.27273
2686 483.998 680 0.00155304
2687 483.998 681.999 0.00235586
2688 483.999 684 0.00126284
2689 482.071 684 2.73598
2690 486 84.0005 6.00028
2691 484 80.6168 2.10878
2692 485.999 82.0013 0.00155325
2693 483.998 83.9225 1.99314
2694 485.998 85.9993 0.0025508
2695 485.998 87.9992 0.00191204
2696 485.999 89.9991 0.00130541
2697 486 288.001 4.03395
2698 486 286.001 0.00086088
2699 486 287.998 0.00178327
2700 490 670 4.04926
2701 488.002 672 1.99467
2702 487.501 676.002 2.50314
2703 485.999 676 0.00113446
2704 485.998 677.999 0.00248298
2705 485.999 679.999 0.00130541
2706 484 77.9997 5.67017
2707 488 288 3.92895
2708 488.4 288 2.03732
2709 488 287.998 0.00219666
2710 490.002 669.128 2.28171
2711 488.895 672 2.20912
2712 487.998 671.999 0.00185593
2713 487.999 673.999 0.000966018
2714 487.999 675.999 0.00170386
2715 490 288.001 4.03395
2716 490 288.001 1.96494
2717 490 287.998 0.00173233
2718 494 664 3.92895
2719 492.002 667.844 2.73696
2720 490 668 0.000598472
2721 489.999 669.999 0.00136793
2722 488 672.952 2.16766
2723 488 672 2.85231
2724 492 288.001 4.03395
2725 491.259 288.001 2.09027
2726 492.001 287.998 0.00191561
2727 496 656 3.92895
2728 496 658 4.01203
2729 494.002 660 1.99171
2730 494.002 662.564 2.07488
2731 493.465 666.001 2.47218
2732 491.999 665.999 0.00126912
2733 491.999 667.999 0.00153478
2734 490 668 2.85231
2735 494 288 3.92895
2736 493.333 288.001 2.10394
2737 494 287.997 0.00255979
2738 496 290 1.96451
2739 494 660 6.18795
2740 496.001 656.191 2.00975
2741 496.001 660.001 2.80072
2742 493.998 662 0.00217236
2743 493.998 663.999 0.00200457
2744 493.999 665.999 0.0014334
2745 492 666 2.83543
2746 496 288.002 2.00764
2747 495.999 287.998 0.00179784
2748 495.333 288 2.06257
2749 500 650 4.04926
2750 500.001 652 3.9844
2751 497.692 656.002 2.60774
2752 495.998 656 0.00196063
2753 495.998 658 0.00177835
2754 495.998 659.998 0.00244989
2755 498 288 1.99219
2756 498 287.999 0.00130409
2757 501.572 288 4.15229
2758 502 644 3.92895
2759 502.001 646 4.03395
2760 500.002 648.953 2.20264
2761 500.001 650.818 2.15294
2762 500 653.474 2.51617
2763 497.999 653.998 0.00179796
2764 497.999 656 0.000660843
2765 496 656 2.83543
2766 500 288 1.99219
2767 498.717 287.999 2.40951
2768 504 638 3.92895
2769 504 640 4.04926
2770 502.002 642.5 2.07285
2771 502 644.351 2.03186
2772 501.482 648.001 2.47787
2773 499.999 648 0.00081767
2774 499.997 650 0.00255979
2775 499.998 651.999 0.00258257
2776 499.999 653.999 0.00170386
2777 502 288 1.99219
2778 502.001 287.999 0.00153923
2779 500 288 2.83543
2780 505 638 3.6612
2781 504.001 638.643 2.09813
2782 502.85 642.001 2.21384
2783 501.999 642 0.000720011
2784 501.998 644 0.0023816
2785 501.998 646 0.00219666
2786 501.998 647.998 0.00244989
2787 504.715 288.002 2.11801
2788 504 287.997 0.00255979
2789 508.001 632 4.03395
2790 506.002 634.846 2.16664
2791 505.174 638 2.30838
2792 503.999 637.999 0.00152382
2793 503.998 640 0.00173233
2794 503.998 641.998 0.00244989
2795 506 288.001 4.03395
2796 505.565 288 2.04294
2797 505.999 287.998 0.00240098
2798 510 628 4.04926
2799 508.002 630.969 2.22104
2800 508.001 634.001 2.85665
2801 505.999 634 0.00104063
2802 505.999 635.999 0.00136793
2803 505.999 637.999 0.00130541
2804 508 288 3.92895
2805 506.833 288.001 2.31238
2806 508.001 287.998 0.00191561
2807 512.001 625.867 4.44678
2808 510 626.912 2.17785
2809 510.001 629.19 2.32472
2810 507.999 630 0.000732271
2811 507.998 631.999 0.00235586
2812 507.999 633.999 0.00133514
2813 506 634.095 2.77842
2814 510.501 288.002 2.05133
2815 510 287.997 0.00258033
2816 514 618 4.02714
2817 514 620 3.99865
2818 512.002 622.715 2.11801
2819 510.45 626.001 2.07209
2820 509.999 626 0.000965928
2821 509.998 627.999 0.00258257
2822 509.999 629.999 0.00170386
2823 512 288 3.92895
2824 512.4 288 2.03732
2825 512 287.998 0.00216227
2826 516.001 614 4.03395
2827 514.002 616.5 2.07285
2828 514.001 618.643 2.09813
2829 513.455 622.001 2.45438
2830 511.997 621.999 0.00288306
2831 511.999 624 0.00120481
2832 511.999 625.999 0.00170386
2833 514 288.001 4.03395
2834 515.131 288 2.30838
2835 513.999 287.998 0.00240098
2836 520 608 6.18795
2837 518 610 4.12533
2838 516.002 612.858 2.19712
2839 514.4 616 2.03339
2840 513.998 616 0.00162645
2841 513.998 618 0.0023326
2842 513.998 619.998 0.00304836
2843 516 286 1.99219
2844 516 287.998 0.00173233
2845 520 610 5.83466
2846 520 608 4.01569
2847 518.001 611.787 2.67239
2848 515.998 611.999 0.00235586
2849 515.999 614 0.00126284
2850 515.999 615.999 0.0011687
2851 518 286 1.99219
2852 517.999 286 0.000809267
2853 518 287.998 0.00173233
2854 522 602 4.12533
2855 520.002 604.477 2.05133
2856 520 607.44 2.46844
2857 520 610 2.75279
2858 517.998 609.998 0.00328994
2859 520 288.001 4.03395
2860 520.741 288.001 2.08055
2861 520 287.998 0.00173233
2862 524.001 598 3.86907
2863 522.002 600.5 2.07285
2864 521.356 604.002 2.42788
2865 519.998 604 0.00196063
2866 519.998 606 0.0017357
2867 519.998 607.998 0.00328994
2868 522 288 4.04926
2869 520.823 288 2.30608
2870 522 287.998 0.00173233
2871 526.001 594 4.03395
2872 524.143 598 2.90028
2873 522.445 600.001 2.02185
2874 521.998 599.999 0.00251212
2875 521.999 601.999 0.00177626
2876 521.999 604 0.000660843
2877 520 604 2.83543
2878 524 288.001 4.03395
2879 524.741 288.001 2.08055
2880 524 287.998 0.00173233
2881 528.001 590 4.05542
2882 526.002 592.77 2.14037
2883 526.001 594 2.02003
2884 526 596.769 2.16024
2885 524 597.999 0.00126284
2886 524 602 2.0627
2887 522 600 2.9173
2888 526 288 4.04926
2889 524.823 288 2.30608
2890 526.001 287.998 0.00183134
2891 530.001 587 4.17753
2892 528.001 589.501 2.53438
2893 528 592 2.86011
2894 525.998 592 0.0023816
2895 525.998 594 0.00219666
2896 525.998 595.999 0.00195491
2897 525.999 597.999 0.0011687
2898 528 288.001 4.03395
2899 526.695 288 2.39351
2900 528 287.998 0.00232634
2901 532.001 580 4.03395
2902 530.001 582 2.02857
2903 530.002 585.335 2.40763
2904 530 587.077 2.32106
2905 527.999 588 0.000965928
2906 527.998 589.998 0.00328994
2907 530 288.002 2.00764
2908 530 287.998 0.00232953
2909 534.001 574 3.86907
2910 534.001 576 4.05542
2911 532.002 578.77 2.14037
2912 532 581.04 2.2636
2913 530 582.001 0.000833791
2914 529.998 584 0.00192054
2915 529.997 585.999 0.00288306
2916 529.999 587.999 0.00170386
2917 532 288.002 2.0076
2918 531.999 287.998 0.0025508
2919 538.001 290 5.92299
2920 536 568 4.12533
2921 534.001 570 2.02857
2922 534.001 573.001 2.24756
2923 534.001 575.364 2.39668
2924 534 578 2.86011
2925 531.998 578 0.00237299
2926 531.998 579.999 0.00260131
2927 531.998 581.999 0.00182902
2928 531.999 583.999 0.000890195
2929 534 288 1.99219
2930 534.616 287.999 2.11588
2931 538.001 564 3.86907
2932 538 568 4.45443
2933 536 569.241 2.33007
2934 533.999 572 0.00118127
2935 533.998 574 0.0017357
2936 533.998 575.998 0.00328994
2937 536 288 1.99219
2938 535.998 288 0.00174
2939 536.001 289.998 0.00167514
2940 540 560 4.12533
2941 538.002 562.737 2.13052
2942 538.001 564.546 2.05912
2943 534.947 570.001 4.14158
2944 535.998 567.999 0.00185593
2945 535.998 569.999 0.0020536
2946 535.999 572 0.000660843
2947 534 572 2.83543
2948 538 290.002 1.99171
2949 537.774 287.998 2.00725
2950 542.001 292 4.05542
2951 544 554 5.80275
2952 540.001 556 2.02857
2953 542.001 559.429 4.31483
2954 539.787 562.001 2.67239
2955 537.999 562 0.000618083
2956 537.999 563.999 0.00155652
2957 537.999 566 0.000968632
2958 537.999 567.999 0.000890195
2959 540 290.002 1.9948
2960 539.999 290 0.00126531
2961 540.001 291.998 0.00191561
2962 546 294 6.18795
2963 544.001 555.734 5.41385
2964 540.8 556 2.14525
2965 539.999 556 0.000809267
2966 539.998 560 0.00158364
2967 539.998 561.999 0.00181087
2968 537.999 561.999 2.79268
2969 542 292 3.92895
2970 541.365 292.001 2.10394
2971 540.284 289.999 2.6202
2972 542.001 293.999 0.00126986
2973 544.667 552 3.31633
2974 544.001 552.37 2.00451
2975 544 553.375 2.03076
2976 540 557.734 2.68231
2977 539.999 556.714 2.40476
2978 541.999 559.999 0.000890195
2979 544 294.001 4.03395
2980 544 292.001 0.00086088
2981 544.001 293.998 0.00184657
2982 548 296 4.12533
2983 548 542 3.94806
2984 546.002 544 2.01974
2985 546.001 546 1.9787
2986 546.002 548.953 2.20264
2987 544 552.001 2.00432
2988 543.999 552 0.00140184
2989 543.998 553.998 0.00304836
2990 546 294 3.92895
2991 545.298 294 2.13039
2992 545.998 293.998 0.00246398
2993 546.002 295.999 0.00202106
2994 550.001 298 4.03395
2995 550.001 539.867 4.44678
2996 548 540.788 2.14898
2997 547.125 544 2.22673
2998 545.999 543.999 0.00136482
2999 546 546.001 0.00104632
3000 545.997 547.999 0.00288306
3001 545.999 550 0.00120481
3002 545.999 551.999 0.00170386
3003 548 296 3.92895
3004 547.999 294.002 0.00202106
3005 546.339 293.999 2.61134
3006 548.002 297.999 0.00178277
3007 552 300 3.94806
3008 550.001 532 2.02857
3009 550.002 534 2.01974
3010 550.002 536.77 2.14037
3011 550 540 2.82779
3012 547.999 539.999 0.00143483
3013 547.998 541.999 0.00191204
3014 546 544.667 2.10878
3015 545.999 543.999 2.79268
3016 550 298 4.04926
3017 549.999 296.001 0.0017314
3018 548 296.36 2.57984
3019 550.001 299.999 0.0017314
3020 552.001 302 2.02857
3021 554.001 524 4.03395
3022 554 526 4.12533
3023 554.001 528 4.03395
3024 552.002 531.601 2.59117
3025 549.999 532 0.000913234
3026 549.998 536 0.00174397
3027 549.998 537.999 0.00274594
3028 549.999 539.999 0.00170386
3029 552 300.001 4.03395
3030 551.999 298.002 0.00178277
3031 549.998 299.424 2.09167
3032 552 300 1.99219
3033 554.002 304 1.99467
3034 556 306 4.12533
3035 556 518 3.94806
3036 554.002 520 2.01974
3037 554.002 522.858 2.19712
3038 554.001 523.5 2.07653
3039 554.001 526.476 2.01346
3040 554.001 530.001 2.85665
3041 551.999 529.999 0.00155652
3042 548.923 540 8.67977
3043 549.999 532.714 2.40476
3044 550 534 2.9173
3045 554 304.001 3.9844
3046 553.998 302.001 0.00184657
3047 548.666 295.998 9.64645
3048 554.002 305.999 0.00202106
3049 556.002 308 2.01974
3050 558.001 310 4.03395
3051 558 512 4.12533
3052 558.001 514.737 4.08032
3053 556.002 516.743 2.11705
3054 556.001 519.778 2.67734
3055 553.998 522 0.00152605
3056 553.999 524 0.00126169
3057 553.998 526 0.00190471
3058 553.998 527.999 0.00235586
3059 553.999 529.999 0.00133514
3060 552 530 2.9173
3061 556 306 4.04926
3062 555.999 304.001 0.00180585
3063 553.998 305.69 2.01522
3064 556 307.999 0.00130308
3065 558.001 308.889 2.27085
3066 558.002 312 2.00764
3067 560 314 4.12533
3068 560.001 506 4.05542
3069 558.002 508 2.01974
3070 558.002 510.501 2.05133
3071 558.001 513.868 2.71877
3072 555.998 516 0.00193352
3073 555.999 517.999 0.00152382
3074 555.998 519.999 0.0020536
3075 554 523 2.27601
3076 554 522 2.85231
3077 558 310.001 3.9844
3078 557.998 308.001 0.00191561
3079 555.998 309.833 1.99919
3080 557.999 311.998 0.00203401
3081 558.002 313.999 0.00197768
3082 562.001 316 4.05542
3083 562 500 4.12533
3084 560.002 502 2.01974
3085 560.002 505.426 2.45931
3086 560 508 2.80193
3087 557.999 508 0.0007067
3088 557.998 510 0.00192323
3089 557.998 512 0.00202258
3090 557.997 513.998 0.00319233
3091 556 517 2.27601
3092 556 516 2.85231
3093 560 314 4.04926
3094 559.999 312.001 0.00177207
3095 557.998 313.39 2.09646
3096 560.001 315.999 0.001433
3097 562.002 317.6 2.02815
3098 562.002 320 2.00764
3099 564 322 3.94806
3100 564 494 3.94806
3101 564.001 497 4.17753
3102 562.001 498.25 2.03629
3103 562.001 501.787 2.67239
3104 559.998 504 0.00246571
3105 559.998 505.999 0.00223384
3106 559.998 507.999 0.00182902
3107 558 509.3 2.16567
3108 558 510 2.83543
3109 562 318.001 4.01287
3110 561.998 316 0.00233707
3111 561.998 318 0.00213351
3112 561.999 319.999 0.00158608
3113 563.642 319.999 2.57986
3114 564.002 324 1.99155
3115 564.002 326 2.01974
3116 566.001 328 3.95598
3117 566 330 4.12533
3118 566 486 4.12533
3119 566 488 3.94806
3120 564.002 490 2.01974
3121 564.002 492.976 2.23752
3122 564 495.062 2.22673
3123 564 498 2.80193
3124 561.999 498 0.000610726
3125 561.998 500 0.00170545
3126 561.998 501.998 0.00304836
3127 562.88 320 2.32524
3128 561.999 321.551 2.5154
3129 563.998 322 0.00219131
3130 563.998 324 0.00167408
3131 563.999 325.999 0.00136482
3132 564.001 327.999 0.0012868
3133 566.002 329.322 2.13829
3134 566.002 332 2.0076
3135 568.001 334 4.03395
3136 566.001 482 2.02857
3137 568.001 485.2 4.20579
3138 567.79 488 4.29145
3139 566.001 489.41 2.45438
3140 563.999 490 0.00126674
3141 563.998 492 0.00155304
3142 563.998 494 0.00152605
3143 563.998 495.999 0.00223384
3144 563.998 497.999 0.00182902
3145 562.095 498 2.77842
3146 566 324 2.01685
3147 564 324 2.01685
3148 564.8 328 2.3372
3149 565.998 328 0.00245038
3150 565.999 330 0.000823974
3151 565.999 331.998 0.00168487
3152 568.001 332.889 2.27085
3153 568.002 336 1.99155
3154 568.001 338 2.02857
3155 570.001 340 4.03395
3156 570 470 4.12533
3157 570.001 474 4.05542
3158 568.002 476 1.99155
3159 568.002 478 1.99155
3160 568.002 481.501 2.50314
3161 566 488.001 1.98527
3162 565.997 487.998 0.0030248
3163 564 490 2.01685
3164 564 491.333 2.11641
3165 564 491.9 2.9173
3166 568 330 1.99219
3167 565.999 330 2.02857
3168 567.998 332.001 0.00191561
3169 567.998 334 0.00192054
3170 567.999 335.999 0.0015742
3171 567.999 337.999 0.000966018
3172 570.001 338.499 2.52373
3173 570.002 342 2.00346
3174 570.002 344 2.01974
3175 572.001 346 3.95598
3176 572 348 3.94806
3177 572 454 3.94806
3178 572 456 3.94806
3179 572 458 3.94806
3180 570.002 460 2.01974
3181 570.002 462 2.01974
3182 570.002 464 2.00346
3183 570.002 466 1.99155
3184 570.002 468.501 2.05133
3185 570.002 469.322 2.13829
3186 570.002 473.426 2.45931
3187 569.037 476.001 2.23543
3188 567.999 478 0.00100601
3189 567.999 479.999 0.00126912
3190 565.999 483.278 2.39439
3191 567.998 483.999 0.0025508
3192 566.035 484 2.81739
3193 570 336 3.92895
3194 568 335.9 2.79465
3195 567.999 336 1.97471
3196 569.999 338.001 0.00153473
3197 569.998 340 0.00218355
3198 569.997 342 0.00252846
3199 569.999 343.999 0.00136482
3200 570.001 346 0.000690332
3201 572.001 346.227 2.69072
3202 572.002 350 1.99155
3203 572.002 352 1.99155
3204 572.002 354 2.00764
3205 574.001 356 4.05542
3206 574.001 358 4.05542
3207 574.001 360 4.05542
3208 574.001 362 4.05542
3209 574.001 364 4.05542
3210 574 366 3.94806
3211 574 442 4.12533
3212 574.001 444 4.05542
3213 574 446 3.94806
3214 572.002 448 2.00764
3215 572.002 450 2.0076
3216 572.002 452.93 2.20264
3217 572.001 454 2.00432
3218 572.001 456 2.00432
3219 572.001 459.723 2.67734
3220 569.998 462 0.00218355
3221 569.999 464 0.00130028
3222 569.997 466 0.00255
3223 569.997 468 0.00255
3224 569.997 470 0.00255203
3225 569.998 472 0.00246571
3226 569.998 474 0.00215551
3227 569.998 475.999 0.00223384
3228 567.999 477.538 2.03134
3229 567.999 479.05 2.1883
3230 568 479.9 2.9173
3231 572 348 6.05013
3232 570.499 346.001 2.52373
3233 571.998 346 0.00219131
3234 571.997 348 0.00255
3235 571.998 350 0.00192054
3236 571.999 352 0.00136366
3237 571.999 353.999 0.00126912
3238 574 361.571 3.16653
3239 574 363.562 3.1431
3240 574.002 368 1.99155
3241 574.002 370 2.00346
3242 574.002 372 2.0076
3243 574.002 374 2.01974
3244 574.002 376 2.01974
3245 574.002 378 2.01974
3246 574.002 380 2.01974
3247 574.002 382 2.01974
3248 576.002 384 3.98768
3249 576 386 3.94806
3250 576 388 3.94806
3251 576 390 3.94806
3252 576 392 3.94806
3253 576.001 394 3.95598
3254 574.001 396 2.02857
3255 576 398 3.94806
3256 574.001 400 2.02857
3257 576.001 402 4.03732
3258 574.002 404 2.01974
3259 574.002 406 2.01974
3260 574.002 408 2.01974
3261 574.002 410 2.01974
3262 574.002 412 2.01974
3263 574.002 414 2.01974
3264 574.002 416 1.99155
3265 574.002 418 1.9948
3266 574.002 420 2.01974
3267 574.002 422 2.01974
3268 574.002 424 2.01974
3269 574.002 426 1.99467
3270 574.002 428 2.01974
3271 574.002 430 2.01974
3272 574.002 432 1.99467
3273 574.002 434 2.01974
3274 574.002 436 1.99467
3275 574.002 438 2.01974
3276 574.002 440.526 2.07285
3277 574.002 443.162 2.30133
3278 574 442.583 2.42868
3279 573.73 448.001 2.6053
3280 571.999 448 0.00112814
3281 571.998 450 0.00162506
3282 571.998 452 0.00192054
3283 571.998 454 0.00192054
3284 571.997 456 0.00255979
3285 571.998 457.999 0.00240098
3286 571.998 459.998 0.00244989
3287 572 464.001 2.02531
3288 569.999 462.049 2.79268
3289 574 352 3.92895
3290 572 351.9 2.79465
3291 571.999 352 1.97471
3292 571.999 355.551 2.5154
3293 573.998 356 0.00215551
3294 573.998 358 0.00215551
3295 573.998 360 0.00215551
3296 573.998 362 0.00215551
3297 573.998 364 0.00215551
3298 573.998 366 0.00219131
3299 573.997 368 0.00255041
3300 573.998 370 0.00187567
3301 573.999 372 0.000773476
3302 574.001 383.999 0.000883196
3303 576.001 386 2.00432
3304 576.001 388 2.00432
3305 576.001 390 2.03804
3306 576.001 392.546 2.07656
3307 576 394.5 1.99456
3308 576 399.062 2.22673
3309 573.999 408 0.000950703
3310 573.999 412 0.000950703
3311 574 414 0.000578536
3312 573.997 415.999 0.00263517
3313 573.999 418 0.000732271
3314 573.999 424 0.00125128
3315 573.999 426 0.000675004
3316 573.999 432 0.00118681
3317 573.999 434 0.00125128
3318 573.999 436 0.00118681
3319 573.998 440 0.00152623
3320 573.997 442 0.00250492
3321 573.998 444 0.00246571
3322 573.998 445.999 0.00235586
3323 573.999 448 0.00126284
3324 572 449.571 1.98871
3325 572 452 2.0627
3326 572 451.9 2.9173
3327 576 372 3.92895
3328 574 373.6 4.16123
3329 573.999 372 2.02857
3330 573.999 374 2.02857
3331 573.999 376 2.02857
3332 573.999 378 2.02857
3333 573.999 380 2.02857
3334 573.999 382.822 2.19498
3335 575.998 384 0.00245038
3336 575.997 386 0.00255
3337 575.997 388 0.00255203
3338 575.998 390 0.00245038
3339 575.997 392 0.00258033
3340 575.998 394 0.00177835
3341 575.998 396 0.00178327
3342 573.998 397.6 2.05827
3343 573.999 400.679 2.14448
3344 575.998 402 0.0023326
3345 575.998 404 0.00219666
3346 575.998 405.999 0.00181087
3347 573.999 408.85 2.15566
3348 573.999 409.392 2.12054
3349 573.999 412.85 2.15566
3350 573.999 411.963 2.86884
3351 576 420 4.04926
3352 573.999 418.85 2.15566
3353 573.999 420 2.02857
3354 573.999 421.035 2.23899
3355 574 425.8 2.68231
3356 573.999 426 2.02857
3357 573.999 428 2.02857
3358 573.999 429.392 2.12054
3359 573.999 431.55 2.02793
3360 574 434.6 2.10878
3361 573.999 436.85 2.15566
3362 573.999 437.035 2.23899
3363 574 438 2.85231
3364 576 392 2.83543