0 86.0001 144.364 3.98734
1 86.0002 146.585 4.04551
2 86 147.75 4.00684
3 86.0004 149.2 4.04417
4 86 152 4.00008
5 86.0002 154 4.02471
6 86.0002 156 4.03647
7 88.0002 158 5.97283
8 90.0002 134.585 6.0027
9 88.0004 136 4.02083
10 88.0002 138.283 4.02576
11 88.0009 140.533 4.0329
12 86.0007 142.513 2.06367
13 86 144.411 2.05005
14 86 147.184 2.32212
15 86 145.625 3.11891
16 86.0003 150.364 2.0274
17 86.0004 151.04 2.22362
18 86.0009 154.043 2.00526
19 86.0006 155.796 2.01055
20 86.0008 157.401 2.09093
21 88.0006 160 3.99314
22 88.0004 162.222 4.00524
23 88.0001 163.738 3.99596
24 88.0001 138 6.45592
25 90.0001 135.225 4.18655
26 88.0001 136.662 2.10849
27 88.0001 138.318 2.03281
28 86.9232 142 2.19141
29 85.9995 142 0.000478436
30 85.9997 144 0.000357226
31 85.9991 146 0.000895413
32 85.9986 148 0.00140536
33 85.9986 150 0.00146817
34 85.9988 152 0.00124075
35 85.9988 154 0.00124297
36 85.9994 156 0.000667666
37 86.0002 158 0.000271572
38 88.0004 158.709 2.37609
39 88.0005 160.817 2.32797
40 88 161.029 3.58974
41 90.0002 165.559 4.03494
42 90.0001 168 4.01463
43 88.7421 136.001 4.04292
44 89.1389 136 2.29204
45 87.9985 138 0.00152683
46 87.9989 140 0.00117781
47 85.9996 142.137 2.0073
48 85.999 143.125 2.18858
49 85.9995 144.76 2.35609
50 86 149.44 2.45526
51 85.9998 149.814 1.99235
52 85.9999 153.951 2.77853
53 85.9996 154.627 2.08354
54 85.9997 157.77 2.66365
55 87.9986 158 0.00139547
56 87.9987 160 0.00127463
57 87.9995 161.999 0.000755341
58 90.0004 165.871 2.74222
59 85.9999 160.923 5.43745
60 89.0002 166 2.21586
61 90.0004 169.566 2.05087
62 92 171.75 3.9805
63 90.6316 136 6.17696
64 89.4 136 4.07243
65 89.9998 134 0.000251503
66 90.0001 135.999 0.0013354
67 88.125 162 4.43728
68 88.8106 162 2.31733
69 87.9997 162.721 2.12611
70 87.9989 163.602 2.03572
71 89.9993 166 0.00066566
72 88.3332 166 2.60666
73 90.0005 170 0.000537515
74 92.0004 170.064 2.78593
75 91.6308 136 4.01424
76 90.88 136 2.30641
77 92 135.999 0.00141982
78 96.0007 138.392 4.01912
79 90.5882 168 4.24547
80 90.4997 168 2.50056
81 89.9998 169.125 2.29714
82 89.9998 169.292 2.12746
83 91.2 164 8.06491
84 94.0004 173.685 2.01837
85 96.0004 176.43 4.03422
86 93.8596 136.001 3.97871
87 92.9047 136 2.30001
88 93.9997 135.999 0.000737136
89 96.0001 136.103 2.75756
90 98 140.132 3.99068
91 93.5555 170 2.06671
92 91.9995 171.588 2.55914
93 91.9999 171.31 2.15199
94 94.0005 174 0.000499774
95 96.0001 174.384 2.55999
96 96.0005 177.846 2.00189
97 98 179.448 4.05149
98 96 138 5.93237
99 94.6873 136 2.40811
100 95.9995 136 0.000666572
101 95.0562 135.999 2.20392
102 97.5518 138 2.54579
103 98.0011 141.929 1.99847
104 98.0001 148.242 2.02191
105 95.8571 172 2.0062
106 93.9998 173.867 2.72364
107 95.999 174 0.000983847
108 95.9993 176 0.000763901
109 95.8909 171.999 6.02119
110 98.0004 179.464 2.06867
111 98 181.657 2.02057
112 97.5833 138 4.04995
113 95.9996 137.663 2.59013
114 97.9996 138 0.000511283
115 97.7368 138 2.03942
116 98.6627 139.999 2.11974
117 100 143.914 2.00474
118 99.6155 148 2.54892
119 96.2939 146 2.59789
120 99.0435 178 6.16315
121 96.9062 176 2.26463
122 95.9995 177.041 2.2515
123 97.9995 178 0.000525372
124 95.9998 175.583 4.86518
125 98.0007 182 0.000770108
126 99.4716 140.001 4.00301
127 98 139.645 2.58628
128 99.9994 140 0.000631646
129 96.3998 138 5.33433
130 99.3487 139.999 4.04537
131 100.002 146 0.00157687
132 104 148.195 3.97943
133 98 179.36 3.90496
134 97.9995 178.676 2.11012
135 100.412 182 2.0565
136 95.9995 174.749 8.25102
137 100.001 184 0.000820284
138 104 514 4.00959
139 101.579 142.001 4.03151
140 99.9995 141.143 2.30876
141 97.9994 140.857 4.16109
142 102.387 146 2.01002
143 101.305 141.999 4.05662
144 104.001 147.553 2.05628
145 106 149.7 4.02827
146 102.039 180.001 2.00682
147 95.9998 176 7.2726
148 103.786 184 2.64667
149 102 183.999 0.000814092
150 104.001 185.576 2.04261
151 106 508 4.01705
152 106 510 4.00669
153 104.001 512.973 2.23031
154 104.001 512.117 2.72143
155 104 148.001 7.94874
156 102 143.978 2.81233
157 103.999 144 0.00107608
158 104 146 0.000260476
159 103.906 145.999 2.01516
160 106 148.986 2.24044
161 106.001 151.937 2.00526
162 103.652 180 2.04286
163 102 182.75 3.42982
164 103.999 182 0.000864642
165 103.999 184 0.000677336
166 104.049 184 1.97873
167 106 187.543 2.05175
168 108 504.865 4.12823
169 106.001 506.548 2.07505
170 106.001 508.543 2.08011
171 105.762 512 2.63614
172 104 512 0.000465997
173 103.999 513.999 0.00155661
174 105 148 6.21626
175 104.571 148.001 4.21931
176 103.999 146.618 2.10236
177 106 148 0.000474783
178 103.633 146 4.66936
179 107.604 150 2.55693
180 108 153.796 2.00614
181 105.444 184 2.11481
182 104.935 186 2.25651
183 102 184.545 4.32567
184 106.686 186 2.11425
185 108 189.301 2.10422
186 110 498 4.02451
187 110 500 3.98432
188 108.001 502.437 2.04347
189 108.001 505.792 2.67399
190 106 506 0.000453716
191 105.999 508 0.000980824
192 105.999 510 0.00103121
193 105.999 511.999 0.00092811
194 104.812 512 2.28744
195 114 153.517 11.3106
196 106.49 150.001 4.28247
197 105.999 148.391 2.04005
198 107.999 150 0.000728883
199 106 150.857 2.29518
200 107.756 150 4.01841
201 110 155.765 2.01618
202 114 158 6.0231
203 107.613 186 2.01406
204 106 187.63 2.57012
205 106.5 186 2.44429
206 109.907 188 2.78221
207 110 191.645 2.03969
208 112.001 492.14 3.99762
209 110.001 494.123 2.0053
210 110.001 496.27 2.02457
211 110.001 498.431 2.05215
212 109.5 502 2.51667
213 108 502 0.000218591
214 108 504 0.000515953
215 107.999 506 0.000773853
216 107.999 508 0.00074552
217 106 509.319 2.11306
218 106 511.111 2.19672
219 116 128.839 6.09361
220 114 132 3.93968
221 114 133.816 4.01198
222 114 136.296 4.01716
223 114 137.738 4.002
224 116 140.276 5.97997
225 114 142.946 4.09477
226 114 143.011 4.11066
227 114.001 146.539 4.01594
228 114 155.8 8.81419
229 114.381 158 9.02676
230 110 152 0.00023124
231 109.278 152 2.10663
232 110.82 154 2.15632
233 112.001 157.621 2.03934
234 109.405 188 2.08256
235 108 189.227 2.33718
236 104 186.714 6.83565
237 110 191.999 0.000744965
238 112 193.748 2.01653
239 112 195.894 2.00532
240 116 198.414 6.06379
241 114 480 4.00616
242 114.001 482 3.98857
243 114.001 484.137 3.99465
244 112.001 486 2.00652
245 112.001 488.185 2.01204
246 112 490.92 2.19544
247 112 492.632 2.08072
248 110 494 0.000258014
249 110 496 0.000412429
250 109.999 500 0.000607331
251 109.999 502 0.00106145
252 108 502.72 2.36552
253 108 504.24 2.63629
254 118 101.806 6.03534
255 118 103.903 6.03858
256 118 106 6.04955
257 118 108.14 5.96539
258 116 113.902 4.03982
259 116 116.17 3.9631
260 116 117.644 3.97779
261 116 120.143 4.0119
262 116 122.232 4.024
263 116 123.714 4.0123
264 116.001 126.836 4.09525
265 116 128.696 4.07112
266 116.001 129.742 4.00788
267 114.001 133.165 2.30442
268 114 133.429 2.04561
269 114 135.418 2.05653
270 114 138.772 2.15237
271 114 142.507 2.05581
272 114 145.099 2.19427
273 114.001 148.833 2.16056
274 114 150.323 2.03516
275 114 152.787 2.16205
276 114 154.973 2.2004
277 112 157.999 0.00123276
278 114.001 159.837 2.00207
279 111.724 190 2.01025
280 110.76 192 2.3357
281 111.999 192 0.000607815
282 111.697 190 3.9774
283 113 194 2.23664
284 114.001 197.612 2.02943
285 116 200.079 3.98517
286 118 470 5.99922
287 116 472.516 4.01093
288 116.001 473.812 4.01381
289 114 476.102 2.00463
290 114 478.562 2.07843
291 114.001 480.558 2.07653
292 114 482.224 2.01846
293 114 485.443 2.46005
294 112 486 0.000456467
295 112 488 0.000340087
296 111.999 490 0.000674277
297 111.999 491.999 0.000928493
298 112 494 0.000327873
299 110 496.762 2.12923
300 109.999 496.903 2.27071
301 110 498.629 2.43721
302 118 78 4.05943
303 118 80 3.97002
304 120 82.353 6.08096
305 118 84 4.03033
306 118 86.3448 4.01307
307 118 88.6531 4.05348
308 118 89.6883 4.02966
309 118 92 4.02289
310 118 94 4.00893
311 118 96.5634 4.02854
312 118 97.8161 4.00161
313 118 100.708 4.0783
314 118 105.647 5.41208
315 118 104.471 4.25021
316 118 106.441 4.32517
317 118 109.899 3.99871
318 118 113.405 4.22268
319 116 114.079 2.00434
320 116.001 116 1.99416
321 116 118.136 2.00357
322 116 120.37 2.03244
323 116 122.458 2.05538
324 116 124.444 2.04784
325 116.001 126.116 2.00487
326 116 129.655 2.59891
327 113.999 130 0.000568703
328 114 132 0.000422172
329 114 134 0.000470592
330 114 136 0.000238707
331 114.206 142 2.03587
332 113.999 142 0.00100831
333 113.999 144.001 0.00111857
334 112 145.887 1.99957
335 113.999 148 0.00139326
336 113.999 150 0.00126992
337 113.999 152 0.00105818
338 114 154 0.000326572
339 115.824 158 2.6731
340 114 158 0.000317571
341 113.544 157.999 2.0576
342 114.095 194 4.00914
343 112.128 194 2.73205
344 111.999 193.805 2.00772
345 112 195.948 1.98781
346 114.001 198 0.000880816
347 116.001 198.951 2.26655
348 116.001 201.792 2.01495
349 118 204 3.98537
350 118.001 206 4.00876
351 120 450.906 6.05497
352 120 451.68 6.03474
353 118 454.158 4.02132
354 118.001 456.305 3.99823
355 116.001 458.052 1.99964
356 116.001 460.129 2.00927
357 118.001 462 3.98608
358 118 463.663 4.02646
359 116 466.053 1.99677
360 116.001 468.164 2.00843
361 118 471.116 4.15459
362 116 472.709 2.13265
363 114.243 476.001 2.02054
364 113.999 476 0.000879472
365 114 478 0.000263436
366 113.999 480 0.000687294
367 113.999 482 0.000992723
368 113.999 484 0.000690762
369 112 486.494 2.05288
370 113.999 488 0.00124775
371 111.999 489.244 2.14049
372 112 491.644 2.04466
373 112 492.667 2.42776
374 122 71.2308 6.10638
375 122 71.3043 6.0436
376 120 74.7408 4.07686
377 120 76.7222 4.07652
378 118 78.2424 2.01932
379 118 79.759 2.02676
380 120 83.3143 4.22289
381 118.001 84.0822 1.98889
382 118 85.8889 1.99667
383 118 88.7049 2.12393
384 118 92.3333 2.59624
385 118.001 96.6048 2.08458
386 116 99.9997 0.00035655
387 118.001 102.282 2.02597
388 118 104.71 2.13402
389 118 107.778 2.0077
390 118 109.588 2.06479
391 116 116 4.00053
392 115.999 114 0.000653674
393 115.999 116 0.000887294
394 115.999 118 0.00102719
395 115.999 120 0.000702695
396 115.999 122 0.00101822
397 115.999 124 0.00117024
398 115.999 126 0.00138809
399 115.999 127.999 0.00138026
400 115.999 130 0.000697763
401 114 131.595 2.02774
402 114 135.313 2.3952
403 113.999 136.415 2.04817
404 113.999 137.645 2.03141
405 114 138.846 2.3137
406 116 142 0.000435194
407 114 147.143 2.14743
408 114.316 154 4.25334
409 114.941 154.001 2.25917
410 114 154.635 2.09844
411 113.999 155.729 2.02429
412 115.999 158 0.000715887
413 114.338 157.999 2.60035
414 115 198 4.13556
415 115.103 198.001 2.1983
416 115.998 198 0.00151758
417 115.999 200 0.000753579
418 116.865 200 2.18499
419 118.001 203.808 2.00708
420 118 205.496 2.06161
421 118.001 207.941 2.00463
422 118 209.934 2.00468
423 118.001 212 1.9991
424 118.001 214.015 2.00446
425 118.001 216 2.00286
426 118 218 2.00266
427 118.001 219.98 2.00089
428 120.001 222 3.99696
429 120.001 224.113 4.01079
430 120.001 225.929 3.98868
431 120 228.308 4.03152
432 120 229.59 3.99777
433 120 426 3.96812
434 122 429.385 6.03591
435 122 432 6.00742
436 122 434 6.00867
437 122 436 5.99742
438 120.001 438 4.00961
439 118 440.145 1.99975
440 118 442.068 2.00389
441 120 444 4.0048
442 120.001 446.432 4.02175
443 118 448.514 2.05713
444 120 451.422 4.23375
445 120 453.51 4.25682
446 116.143 458 2.06623
447 115.999 458 0.000640559
448 116 460 0.000370264
449 117.75 466 2.67339
450 116 466 0.000289624
451 116 468 0.000426643
452 116 472 0.000238333
453 114 474.87 2.2256
454 114 476.758 2.12443
455 113.999 477.243 2.13458
456 114 479.484 2.06847
457 113.999 482.093 1.99209
458 114 483.704 2.03667
459 114 484.378 2.57923
460 122 71.5899 5.35983
461 120.895 72.0001 3.50672
462 120.001 72.4307 2.0501
463 120 73.1707 2.15487
464 120 77.0529 2.26729
465 118 79.9998 0.000234515
466 120 83.5625 2.56579
467 118 84 0.000447784
468 118 86.0002 0.000487988
469 117.999 87.9996 0.000936831
470 117.999 89.9999 0.000696191
471 117.999 92.0001 0.00075046
472 117.999 94.0003 0.000974319
473 117.999 95.9997 0.0012694
474 117.999 98 0.000892254
475 117.999 100 0.000970214
476 117.999 102 0.0011798
477 117.999 104 0.000785319
478 117.999 106 0.000830309
479 117.999 108 0.000950041
480 117.999 110 0.00103823
481 117.999 112 0.000668915
482 116 114.09 2.01129
483 116 114.917 2.2657
484 116 118.828 2.16317
485 116 118.93 2.25751
486 117.379 158 4.0257
487 116 157.125 2.2985
488 116 156.273 2.62956
489 117.407 200 4.03095
490 116.952 200 2.25125
491 115.999 200.787 2.15409
492 117.998 202 0.00198411
493 117.998 204 0.00217889
494 117.998 206 0.00187382
495 117.999 208 0.00132238
496 117.999 210 0.00088397
497 117.999 212 0.00110115
498 117.999 214 0.000851018
499 117.999 216 0.000625032
500 118 218 0.000401418
501 120 218.968 2.24408
502 120.001 221.341 2.11317
503 120.001 223.603 2.03957
504 120.001 225.34 2.10918
505 120 227.918 2.00336
506 120 229.75 2.01358
507 122.002 232 4.00069
508 122 233.944 4.01248
509 122.001 235.948 3.99918
510 122 238 3.98341
511 122 240 3.98344
512 122 241.61 3.9849
513 122 418 4.03031
514 124 420.247 6.00807
515 124.001 422.384 6.02457
516 122 425.12 4.15003
517 124.001 425.517 6.03563
518 122.001 428.288 4.00621
519 122 429.573 3.99531
520 122 434.19 4.53166
521 122 435.208 4.1919
522 122 437.655 4.44333
523 120 439.883 2.71853
524 118 440 0.000391636
525 118 442 0.00023468
526 118 456 0.000248327
527 116.125 462 2.69946
528 117.999 462 0.000773134
529 117.999 464 0.000902599
530 116 466.131 1.99796
531 115.999 467.771 2.01823
532 117.999 470 0.000920767
533 117.999 471.999 0.00108345
534 116 473.034 2.2171
535 116 474.889 2.25339
536 118.968 74.0002 8.06395
537 122 71.5175 4.0234
538 121.229 72.0008 2.35283
539 119.999 71.9995 0.000928639
540 119.999 74.0001 0.000796585
541 119.999 75.9997 0.00113868
542 119.999 77.9999 0.000928649
543 117.999 80.5474 2.07891
544 117.999 81.0146 2.22509
545 118 84.1312 1.99758
546 118 85.2286 2.13923
547 118 86.9565 2.2602
548 120.286 210 6.05983
549 118 208.5 3.18668
550 118 208.354 2.03803
551 117.999 209.854 2.00695
552 118 212.525 2.07301
553 117.999 214.39 2.0387
554 118 216.522 2.06817
555 118 218.248 2.01492
556 117.998 219.926 1.99882
557 119.999 222 0.0014535
558 119.999 224 0.00143133
559 119.999 226 0.00136996
560 119.999 228 0.000922463
561 120 230 0.000539078
562 120.273 229.999 2.00903
563 122.001 234.098 2.0009
564 122.001 234.897 2.27261
565 122.001 237.701 2.02239
566 122.001 239.835 2.00743
567 122.001 241.826 2.00582
568 122 243.723 2.0155
569 122.001 246.091 2.00408
570 124.001 247.881 3.99361
571 124 250.278 3.99856
572 124 251.692 4.01584
573 124 253.707 4.01509
574 124 256 4.04118
575 124 274 3.99596
576 124 276 4.00487
577 124 278 4.00487
578 124 280 4.00487
579 124 282 4.02689
580 124 284.337 4.02381
581 124 285.885 4.01099
582 124.001 287.884 4.0072
583 124.001 290.129 4.01589
584 124 292 3.99223
585 124 293.692 4.02681
586 124 296 4.00669
587 124 298 4.00669
588 124 300 4.0077
589 124 302 4.0001
590 124 304 3.97561
591 124 308 4.00009
592 124 310 3.97561
593 126 406.828 6.0947
594 124 408 4.01117
595 124 410 4.01952
596 124 412.344 4.02085
597 124 414.17 4.02819
598 124.001 417.466 4.26635
599 122.001 418.516 2.06538
600 124 423.2 5.00228
601 120.75 426 2.10333
602 119.999 426 0.000651767
603 121.357 426 2.33354
604 122.001 430.233 2.0231
605 122 432.291 2.01905
606 120.556 438 2.00088
607 120 438 0.000513427
608 120 440 0.000470106
609 118 442 2.01972
610 118 445.077 2.27599
611 120 446 0.000376158
612 118 448.966 2.21553
613 119.999 450 0.000851505
614 119.999 452 0.0010884
615 119.999 454 0.000826163
616 118 455.495 2.06268
617 118 457.522 2.05489
618 116 459.372 4.03969
619 118 462.205 2.00828
620 118 462.461 2.50122
621 123.206 70.0005 4.21268
622 123.28 70.0004 2.3789
623 121.999 69.9996 0.000737022
624 121.999 71.9994 0.00110248
625 120 73.1063 2.17835
626 120 74.32 2.66
627 120 225.2 7.61284
628 120 220.851 2.14163
629 120 222.667 2.10173
630 120 224.818 2.16697
631 119.999 226.832 2.16042
632 119.999 228.701 2.11612
633 120 230.37 2.03305
634 121.998 232 0.0019813
635 121.998 234 0.00188734
636 121.999 236 0.00127245
637 121.999 238 0.0012738
638 121.999 240 0.000737039
639 122 242 0.000441801
640 122 244 0.000482876
641 122.903 244 4.14809
642 124 249.034 2.21295
643 124 251.978 1.99946
644 124.001 253.555 2.04327
645 124 255.712 2.0176
646 124.001 257.905 2.00314
647 124.002 260.155 2.00817
648 124.001 262 2.0002
649 124.001 263.891 2.00003
650 124 265.938 2.00009
651 124.002 268 1.99859
652 124.001 270.122 2.00268
653 124.001 272.159 2.01136
654 124.002 274.142 2.00616
655 124 276 1.9968
656 124.001 278 2.00566
657 124.001 280.115 2.00081
658 124.001 282.289 2.02208
659 124.001 284.759 2.13448
660 124 287.484 2.06845
661 124 289.643 2.04341
662 124.001 291.319 2.11712
663 124.001 294.434 2.04663
664 124 296 2.00145
665 124 299.862 2.00335
666 124 301.312 2.12287
667 124 303.76 2.01924
668 124.002 306.135 2.00795
669 124.002 308.039 1.99712
670 124 309.878 2.00382
671 124 311.922 1.99905
672 124 314 2.00311
673 124 316 2.00407
674 124.001 318 2.00407
675 124.001 319.864 2.0074
676 124.002 322.062 2.00221
677 124.002 324.068 2.00124
678 124.002 325.922 2.00366
679 124.001 327.891 2.00228
680 124.001 330 2.00235
681 126 332 3.99541
682 124.001 334 2.00061
683 126.001 336 4.00953
684 126 338 3.9998
685 126 340 3.99391
686 126 342 3.98537
687 126 344 3.99764
688 126 346 4.01088
689 126 348 4.00184
690 126 350 3.99486
691 126.001 352 3.98777
692 126 354 4.00162
693 126 356 4.00619
694 128 358 6.01471
695 126 360 4.00566
696 126 362 4.00395
697 128.001 364 5.97073
698 126 366 3.97088
699 128 368 5.99848
700 128.001 370 5.97757
701 126 372 3.98537
702 128.001 374 5.98726
703 126.001 376 4.01384
704 126 378 4.00184
705 126 380 4.00008
706 126.001 382 4.01952
707 126.001 384 3.98691
708 126.001 386 3.98762
709 126 388 4.00786
710 126 390 4.00484
711 126 392 4.00484
712 126 394 4.00169
713 126 396 3.99379
714 126.001 398.077 3.99844
715 124 400 2.00326
716 124.001 402 2.00497
717 126 404.781 4.08321
718 126.001 407.334 4.22584
719 124 408.158 2.00635
720 124.001 410.218 2.00695
721 124 412.121 2.00385
722 124.001 414.855 2.17075
723 123.95 418 2.78466
724 122 418 0.000368205
725 122.001 420 0.000573888
726 124 422.235 2.01255
727 120 427.714 2.59243
728 122 428 0.000489319
729 121.999 430 0.000848662
730 121.999 432 0.00117496
731 121.999 434 0.00093085
732 121.999 436 0.00100311
733 121.999 438 0.000918551
734 118 440.706 4.05972
735 118 441.2 4.0846
736 120 445.016 2.24888
737 120 445.579 2.05594
738 120 447.351 2.12623
739 118 448.333 4.38737
740 120 450.286 2.5696
741 124.315 68.0006 2.02493
742 124 67.9996 0.000407734
743 123.999 69.9993 0.000851448
744 122 236.762 5.1569
745 122 235.465 2.47422
746 122 236.103 1.9978
747 121.999 238.969 2.21868
748 121.999 240.064 2.00626
749 122 242.168 2.0062
750 121.999 244.077 1.99824
751 123.998 246 0.0015376
752 123.998 248 0.00164706
753 123.998 250 0.00159727
754 123.999 252 0.00124453
755 123.999 254 0.00144067
756 123.999 256 0.00127615
757 123.999 258 0.00101203
758 123.999 260 0.000638648
759 123.999 262 0.000593804
760 123.999 264 0.00065894
761 123.999 266 0.000656153
762 123.999 268 0.000667776
763 123.999 270 0.000745836
764 124 272 0.000483857
765 123.999 274 0.0010448
766 123.999 276 0.00126859
767 123.998 278 0.00154563
768 123.999 280 0.00132691
769 123.999 282 0.000932167
770 123.999 284 0.000789619
771 123.999 286 0.00057872
772 123.999 288 0.000945492
773 123.999 290 0.00116453
774 123.999 292 0.00134948
775 123.999 294 0.00122287
776 123.999 296 0.00132603
777 123.999 298 0.00103435
778 123.999 300 0.000842008
779 123.999 302 0.000593116
780 124 304 0.00050802
781 123.999 306 0.000677992
782 123.999 308 0.000672903
783 124 310 0.000385688
784 123.999 314 0.00056797
785 123.999 316 0.000655374
786 123.999 318 0.000800354
787 124 320 0.000487518
788 124 322 0.000452237
789 123.999 324 0.00058857
790 123.999 326 0.000599109
791 123.999 328 0.000848658
792 124 334 0.000460841
793 124.001 336 0.00067774
794 126 338.34 2.03574
795 126 338.58 2.47841
796 126 341.925 2.00677
797 126 343.893 1.99761
798 126.001 345.765 2.00957
799 126.001 348 2.00413
800 126 350.496 2.05601
801 126 351.385 2.1138
802 126 354.615 2.101
803 126 356.211 1.99868
804 128 358.98 4.1731
805 126 360.34 2.04672
806 126 358.21 4.45189
807 126 363.017 2.25973
808 126.001 366.065 2.00566
809 128 369.167 4.18925
810 128 370 3.99337
811 126.001 372 2.00933
812 128 375.157 4.18878
813 127.455 374 3.93728
814 126.001 378.25 2.01853
815 126.001 380.051 1.99693
816 126 382.276 2.01219
817 126 384.317 2.02516
818 126 385.923 1.99912
819 126.001 387.849 2.01057
820 126 390 1.99218
821 126 392.485 2.06876
822 126 394.18 2.00734
823 126.001 397.318 2.38707
824 126 397.143 2.2256
825 124 400 0.000262969
826 124 402 0.000422959
827 124.001 404 0.000550393
828 125.632 408 2.55147
829 124 408 0.000300891
830 123.999 410 0.000585469
831 123.999 412 0.00117142
832 123.999 414 0.00106954
833 123.999 416 0.00110991
834 122 418.575 2.0718
835 121.999 419.885 2.00328
836 123.998 422 0.00162808
837 123.999 424 0.00121707
838 120.833 428 3.77808
839 120 427.407 4.04411
840 123.999 429.999 0.00103664
841 122 431.484 2.10099
842 126.186 68.0001 3.97687
843 127.508 68 2.5154
844 126 67.9993 0.000726764
845 124 256.419 8.71592
846 124 252.4 3.11765
847 124 251.393 2.08268
848 123.999 254.658 2.10073
849 124 256.674 2.11056
850 123.999 258.611 2.09927
851 123.999 260.047 2.00606
852 123.999 261.729 2.02178
853 123.999 264.278 2.01972
854 123.999 265.905 2.00339
855 123.999 267.949 1.9959
856 123.999 270.494 2.06605
857 124 271.219 2.14218
858 124 273.803 2.01224
859 124 275.374 2.10698
860 123.999 278.329 2.0181
861 124 281.182 2.32351
862 123.999 282.119 2.00706
863 123.999 283.401 2.09177
864 124 285.619 2.02836
865 124 288 2.00646
866 123.999 289.628 2.04378
867 124 292.903 2.20573
868 124 293.588 2.04063
869 124 296 1.99428
870 124 298.623 2.07185
871 123.999 300.699 2.11309
872 123.999 302.361 2.03414
873 123.999 304.099 1.99712
874 123.999 305.811 2.01419
875 123.999 308.468 2.05526
876 123.999 310.175 2.0149
877 124 311.553 2.0503
878 124 314.102 2.00194
879 123.999 315.951 2.0065
880 123.999 318.318 2.0216
881 123.999 320.15 2.00309
882 123.999 321.668 2.03129
883 123.999 323.621 2.02832
884 124 325.67 2.03574
885 124 329.7 2.58712
886 124 329.893 1.9975
887 125.999 332 0.000919913
888 125.999 334 0.000908648
889 124 335.803 2.01332
890 125.999 338 0.000918011
891 125.999 340 0.00093206
892 125.999 342 0.000657085
893 126 344 0.000453019
894 126 346 0.000436471
895 126 348 0.000378456
896 126 350 0.000391473
897 125.999 352 0.00062468
898 126 354 0.000319551
899 126 356 0.000504426
900 126 360 0.000278194
901 126.944 366 2.2794
902 126 366 0.000292291
903 126 372 0.000274486
904 126 376.001 0.00069188
905 125.999 378 0.00104838
906 125.999 380 0.000940293
907 125.999 382 0.000946022
908 125.999 384 0.000690606
909 125.999 386 0.00107989
910 125.999 388 0.000824688
911 125.999 390 0.000858135
912 126 392 0.000483931
913 126 394 0.000258401
914 125.999 396 0.000631684
915 125.999 397.999 0.00104559
916 124 400.304 2.01041
917 124 403.062 2.26782
918 123.999 403.749 2.01106
919 125.999 406 0.00133
920 125.999 408 0.00130834
921 123.999 408.959 2.25742
922 124 411.899 1.99726
923 124 413.164 2.17757
924 124 414.4 2.57056
925 128.044 66.0002 1.99429
926 128 67.9994 0.000588077
927 124 320 4.02284
928 124 321.086 4.10341
929 124 327.556 5.29982
930 124 326 4.03276
931 124 327.68 4.04497
932 126 330.851 2.17309
933 126 332.239 2.02763
934 126 334.854 2.16999
935 123.999 335.547 4.04081
936 126 337.663 2.04123
937 126 341.114 2.28486
938 125.999 341.805 2.0078
939 125.999 344.364 2.04135
940 126 346 1.99585
941 125.999 348.123 2.00411
942 126 349.827 2.00502
943 126 351.873 2.01138
944 126 353.932 2.00915
945 126 357 2.25046
946 125.999 357.576 2.03989
947 126 360.059 2.00524
948 126 362.407 2.03748
949 125.999 363.831 2.00518
950 126 366.182 2.00386
951 127.999 368 0.00105152
952 127.999 370 0.00124369
953 125.999 372.136 2.00836
954 125.999 373.466 2.07175
955 127.999 376 0.00107534
956 125.999 378.062 2.00025
957 125.999 379.94 2.00901
958 125.999 382.123 2.00243
959 125.999 383.474 2.06221
960 125.999 386.622 2.08443
961 125.999 388 2.00852
962 126 390.119 2.00826
963 125.999 392.778 2.14369
964 125.999 393.558 2.05467
965 125.999 395.584 2.05369
966 126 397.405 2.08114
967 125.999 399.442 2.07314
968 124 401 4.12406
969 124 403.66 3.97902
970 126 404.884 2.26267
971 130.113 66.0008 2.00511
972 130 65.9996 0.00038471
973 132.001 66.8834 2.28654
974 134 152.235 3.9636
975 134 153.724 3.98782
976 134 156.5 4.05755
977 126 366.915 4.08186
978 128 368.667 2.44123
979 132.589 68.0001 4.03012
980 132.488 68.0001 2.07173
981 132 67.9991 0.000947333
982 134.001 69.7499 2.00812
983 136.001 72.1291 4.00409
984 136 128 4.11517
985 136 131.455 4.07898
986 136 133.778 4.11123
987 138 137.263 6.26717
988 138 137.25 6.07876
989 136 139.765 3.90087
990 136 142.364 4.07689
991 138.001 144.36 6.05559
992 138.001 145.857 6.01655
993 134 148.131 2.00107
994 136.001 151.242 4.1728
995 136.001 151.826 3.98115
996 134.001 153.811 2.00207
997 134.001 155.425 2.09221
998 134 158.087 2.0184
999 132.87 68.0002 4.1496
1000 132.923 68.0003 2.27676
1001 133.345 67.9997 2.10374
1002 136 70.0204 2.82016
1003 136.001 73.806 2.00461
1004 136.001 75.8444 2.01583
1005 138.001 78 4.03373
1006 138 80 3.90122
1007 140 82 5.84847
1008 138 114.429 3.98192
1009 138 116.255 4.02402
1010 138 118.24 3.98484
1011 138.001 119.787 4.02816
1012 138.001 122.158 3.9846
1013 136 124.065 2.00549
1014 136.001 126.143 2.00621
1015 136.001 127.831 2.01574
1016 136.001 130.387 2.03612
1017 136 131.689 2.02166
1018 140 134 6.05277
1019 138 136.818 4.10418
1020 138.001 137.397 4.06722
1021 138.001 140.241 4.0044
1022 136.001 142.551 2.07552
1023 136 145.254 2.35566
1024 134.095 148 1.97202
1025 134 148 0.000229165
1026 136 151.286 2.36477
1027 133.999 155.999 0.00143487
1028 134 158 0.000542707
1029 136.178 68.0004 4.00172
1030 133.897 68.0001 2.90719
1031 134 67.971 2.01316
1032 135.999 70.0005 0.000915784
1033 135.999 72 0.000987027
1034 136 73.9997 0.000495634
1035 136.087 73.9996 1.99527
1036 138 76.238 2.65152
1037 138.001 80.0227 2.00552
1038 138.001 81.6418 2.03012
1039 138.001 84.043 2.00239
1040 140 86 3.98598
1041 140 87.8788 3.97555
1042 140 89.9545 4.00526
1043 140.001 92.0588 3.97965
1044 140.001 94 4.01785
1045 140 96 4.00705
1046 140 98.1053 4.04427
1047 140 99.9184 4.03812
1048 140.001 101.962 4.02104
1049 140.001 103.973 4.02338
1050 140.001 106.024 3.99536
1051 140.001 108 4.00626
1052 138.001 110.17 2.00458
1053 140.001 112.964 4.10265
1054 138.001 114.643 2.10512
1055 138 116.167 2.00906
1056 138 119.541 2.54741
1057 138 125.546 4.05431
1058 136 124 0.000479763
1059 135.999 126 0.000871393
1060 135.999 128 0.000736291
1061 136 130 0.000387413
1062 136 132 0.000252526
1063 140 135.263 4.28319
1064 137 138 2.23494
1065 136 138 0.000254163
1066 136.065 142 1.99387
1067 136 142 0.000484835
1068 136.667 142 2.15208
1069 134 148.516 2.04933
1070 134 149.403 2.09249
1071 134 152.242 2.01378
1072 133.999 152.976 2.24221
1073 134 153.807 2.95598
1074 136 70.8334 3.46946
1075 136 71.1293 2.29743
1076 136 73.5419 2.51326
1077 135.999 74.3426 2.02668
1078 136 75.8333 2.00953
1079 138 78.0001 0.000417105
1080 140 84.1537 2.68765
1081 140 89.3229 2.40978
1082 138 89.9997 0.000523982
1083 140 92.4209 2.54684
1084 140 95.311 2.1016
1085 140.001 98.3245 2.03102
1086 140.001 100.051 2.00655
1087 140 102.767 2.14918
1088 140 104.28 2.01129
1089 140 108.805 2.17166
1090 138 114 0.000442712
1091 137.999 116 0.00122506
1092 137.999 118 0.00122183
1093 136 120.533 2.07442
1094 135.999 121.559 2.04712
1095 137.999 124 0.00105762
1096 136 124.865 2.28927
1097 140 140 8.12409
1098 136 139.231 2.37704
1099 135.999 140.139 2.01303
1100 136 142.242 2.00571
1101 136 143.525 2.04979
1102 137.999 146 0.00141388
1103 137.999 148 0.00112128
1104 133.999 148.077 4.46328
1105 136 151.2 2.15063
1106 135 152 3.50461
1107 138 77.1668 3.73917
1108 138 78.188 2.94898
1109 137.999 78.8285 2.15602
1110 138 80.087 2.00382
1111 137.999 81.9069 2.01155
1112 139.999 84 0.00130047
1113 139.999 86.0001 0.00130654
1114 139.999 87.9994 0.00114392
1115 138 90.8237 2.17751
1116 139.999 92.0002 0.000664978
1117 139.999 94.0002 0.00100249
1118 139.999 96.0002 0.00114147
1119 139.999 98.0002 0.00125601
1120 139.998 99.9998 0.00154041
1121 139.998 102 0.00153537
1122 139.998 104 0.00174962
1123 139.999 106 0.00134345
1124 139.998 107.999 0.00167667
1125 137.999 110.231 2.00232
1126 137.999 111.626 2.04006
1127 139.999 113.999 0.00127502
1128 138 114.744 2.345
1129 140 122 0.000474575
1130 144 126.087 4.48417
1131 144 126.963 4.11332
1132 142 129 2.24658
1133 138 133.7 2.59604
1134 139.999 134 0.00106001
1135 139.999 136 0.00119599
1136 138 136.928 2.25568
1137 137.428 138 3.27738
1138 141.407 88.0002 2.07259
1139 140 87.6286 2.01832
1140 138 90.9286 4.12033
1141 138 90.8 4.14076
1142 140 94.1667 2.02747
1143 140 96.5001 2.07661
1144 140 97.8182 1.99577
1145 140 98.8998 2.27454
1146 140 103.125 2.12629
1147 140 106.786 2.3938
1148 146 116.88 4.02208
1149 144 118.254 2.00511
1150 144 121 2.24402
1151 144 122.647 2.07762
1152 144 124.647 2.11539
1153 142.667 128 2.09807
1154 141.999 128 0.000675592
1155 141.999 130 0.000939679
1156 141.999 131.999 0.000814446
1157 150 112.75 5.95509
1158 148 115.63 4.2851
1159 146 117.681 2.6095
1160 144 118 0.000262663
1161 144 122 0.00048954
1162 143.999 124 0.000659178
1163 143.999 126 0.000913324
1164 143.999 128 0.000697855
1165 154 107.826 7.87208
1166 150.001 112.211 4.54405
1167 148 114 2.82124
1168 146 116 2.01483
1169 146 116 0.000370758
1170 144 119 2.22923
1171 144 121.131 2.19903
1172 144 122.6 2.4753
1173 152 104.385 4.04349
1174 153.073 108 5.47057
1175 150.926 110 3.55073
1176 150 110.111 1.9768
1177 146 115.588 2.50032
1178 147.999 116 0.00094364
1179 146 117.125 2.20049
1180 148 120 0.000458113
1181 156 100.387 5.98025
1182 154 103.915 4.47407
1183 152 105.239 2.33859
1184 152 108.572 3.26798
1185 149.999 110 0.000547967
1186 149.999 112 0.000885037
1187 149.999 114 0.000713164
1188 150 116 0.000338597
1189 158 97.1001 6.14259
1190 154 98.8502 2.17437
1191 154.595 102 3.29017
1192 153.268 104 2.36034
1193 152 104 0.000220926
1194 153.29 108 2.35222
1195 151.999 107.999 0.00109104
1196 151.999 110 0.0007155
1197 158 92.8422 4.05046
1198 158.001 95.9626 4.48108
1199 155.409 98.0005 2.4348
1200 154 97.9998 0.000262904
1201 152 105.024 2.26074
1202 151.999 104.717 2.37516
1203 154 108 0.000563002
1204 158 152 4.05162
1205 158.001 154 4.02616
1206 158.001 156 3.96155
1207 158 504 4.01705
1208 158.001 506 4.01986
1209 158 508.333 4.00881
1210 158 509.667 4.03857
1211 158 92.0528 2.86983
1212 158 93.3687 2.43126
1213 153.999 99.5659 2.0665
1214 155.999 101.999 0.000993493
1215 154.064 102 2.78451
1216 156 148 0.000297408
1217 160.001 151.206 4.17258
1218 158 152.655 2.10923
1219 158 153.656 2.01488
1220 158.001 153.674 3.04242
1221 160 496 3.96772
1222 160.001 498 4.02266
1223 158.001 500.091 2.00286
1224 158.001 502.476 2.05567
1225 158 504.912 2.19917
1226 156.1 508 1.96747
1227 156 508 0.000302229
1228 156 509.999 0.000721627
1229 156 512 0.000297307
1230 159.111 92.0001 4.10434
1231 159.163 92.0004 2.30436
1232 158 91.9999 0.00026698
1233 158 93.9999 0.000322114
1234 158 95.9998 0.000283712
1235 157.999 97.9994 0.000945604
1236 158 99.9998 0.000252881
1237 162 143.048 4.14604
1238 162.001 147.013 4.11726
1239 160.001 149.16 2.32137
1240 158.576 152 2.07134
1241 157.999 152 0.000938133
1242 157.999 154 0.000693525
1243 158 155.999 0.00137168
1244 162 484 3.89459
1245 162 485.837 4.03349
1246 160.001 488.244 2.02067
1247 160.001 490 2.00049
1248 160.001 492.148 2.00723
1249 160.778 496 3.40298
1250 160 498 2.78836
1251 158.786 500 2.13779
1252 158 500 0.00043552
1253 157.999 502 0.000567559
1254 157.999 504 0.000943278
1255 156 507.931 2.74764
1256 157.999 507.999 0.00129757
1257 156.615 508 2.38749
1258 165.143 88 5.37781
1259 162.409 90.0002 3.14698
1260 162 91.1429 2.265
1261 158 93.7187 2.04897
1262 158 93.8181 2.94843
1263 164 138.533 4.02537
1264 164 139.852 3.9876
1265 162.001 142.472 2.05758
1266 162.001 145.105 2.27259
1267 162 147.333 2.39886
1268 160 148 0.0002778
1269 160 150 0.000253706
1270 158 152.963 2.23907
1271 157.999 153.062 2.22063
1272 158 153.965 2.87033
1273 164 470 3.98028
1274 164 472.941 4.06549
1275 164 474 3.88034
1276 164 475.704 4.00149
1277 162.001 478.148 2.01063
1278 162 480.04 2.00454
1279 162.001 482.208 2.00878
1280 162.001 485.097 2.29873
1281 161.6 490 4.29198
1282 160 488 0.000592249
1283 159.999 490 0.00094603
1284 159.999 491.999 0.00109876
1285 158.909 502 7.71632
1286 160 496 0.000442866
1287 159.999 498 0.000666845
1288 159.999 500 0.000721985
1289 158 500.857 2.32613
1290 158 503.724 2.02558
1291 158 505.167 2.20284
1292 157.8 508 2.90622
1293 162 84.0002 0.000239398
1294 164.154 88.0002 2.9509
1295 161.999 91.9993 0.00115828
1296 162 93.9998 0.000405567
1297 168 129.7 6.12886
1298 166 132 4.01808
1299 164.001 134.182 2.00468
1300 164.001 136.382 2.02969
1301 164.001 138.539 2.06781
1302 164.001 142.326 3.06677
1303 162 142 0.000337074
1304 161.999 144 0.000603524
1305 161.999 146 0.000682798
1306 161.999 148 0.000948885
1307 159.999 149.064 2.2135
1308 160 150.979 2.26742
1309 159.666 152 3.08533
1310 166 436.4 4.10654
1311 168 442.462 6.1233
1312 168 443.478 5.90448
1313 166 446 4.04115
1314 166 448 3.9827
1315 166 449.68 3.93013
1316 166 452 4.04237
1317 164.001 454.049 2.00181
1318 164 455.902 2.0238
1319 166.001 458 4.03292
1320 166 460 4.01564
1321 164 462.066 2.00251
1322 166.001 464.302 4.04702
1323 166 465.862 3.99162
1324 164.001 468.338 2.01372
1325 164 470 1.99954
1326 164.001 472.049 2.00927
1327 164.001 474.988 2.22373
1328 162.16 478 1.9883
1329 161.999 478 0.00105101
1330 161.999 480 0.00112995
1331 161.999 482 0.000613536
1332 161.999 484 0.000768667
1333 161.999 486 0.000692489
1334 162 488 0.000451017
1335 160 489.5 2.07916
1336 160 492 1.9757
1337 160 493.882 1.98072
1338 160 495.765 1.99348
1339 160 496.838 2.2817
1340 160 499.733 1.98952
1341 159.6 500 3.18069
1342 164.18 88.001 4.01962
1343 164 87.9997 0.000345391
1344 163.999 89.9993 0.00104647
1345 168 122.529 4.03543
1346 168 123.68 4.04253
1347 168.001 126.435 4.05063
1348 168.001 128.8 4.0592
1349 166.001 130.465 2.05249
1350 166.001 133.512 2.50287
1351 164 134 0.000230722
1352 164 136 0.000431009
1353 163.999 137.999 0.000992429
1354 164 140 0.000390723
1355 164 142 0.000489839
1356 162 144 1.98122
1357 161.999 145.15 2.1795
1358 162 146.64 2.42446
1359 161.733 148 3.03415
1360 168 318.421 3.99682
1361 168 322 4.06519
1362 168 324 3.89936
1363 170 326.706 6.09203
1364 170 328 5.98134
1365 170 330 5.98528
1366 170 332 5.88543
1367 168 334 4.0315
1368 168 336 4.04547
1369 168 338 3.95304
1370 168 340.182 4.00188
1371 168 342 3.96873
1372 168 344 4.0016
1373 168 345.68 3.98309
1374 170 348 6.00018
1375 168 350 3.90135
1376 170 352 5.95305
1377 170 354.4 6.00701
1378 170 356 6.05882
1379 170.001 357.467 6.02011
1380 166.001 360.119 1.99277
1381 166.001 361.94 2.01583
1382 168 364.19 4.04161
1383 168 366 3.98736
1384 168 368.121 3.99444
1385 168 369.833 4.00952
1386 168.001 371.846 4.03878
1387 166.001 374 2.00936
1388 166 376 1.98557
1389 166.001 378 1.99636
1390 166 380.061 1.99315
1391 166 382.064 2.00991
1392 168 383.778 3.974
1393 168 385.822 4.04342
1394 166.001 388 2.00952
1395 168 390 3.95457
1396 168.001 392 4.03263
1397 166 394.053 2.01358
1398 166.001 395.881 2.00096
1399 166.001 398.054 2.00952
1400 166 400 2.00564
1401 166.001 402.062 2.00122
1402 166.001 403.945 2.00055
1403 168 406.444 4.04062
1404 168 407.724 3.98649
1405 166.001 410 2.01327
1406 166.001 411.94 1.99815
1407 168.001 413.884 3.97453
1408 168 416 3.98503
1409 166.001 418 2.01476
1410 166 420.105 2.0146
1411 166 421.941 1.99151
1412 168 423.889 4.01492
1413 166.001 426.128 2.00255
1414 166.002 428.039 1.99198
1415 166.001 430 1.99936
1416 166.001 431.943 2.00886
1417 166.002 434.226 2.02229
1418 166.001 435.75 2.01322
1419 166 438.136 2.00066
1420 168 441.391 4.24986
1421 168 441.714 4.04724
1422 166.001 444.235 1.99676
1423 166 446.064 2.00787
1424 166 447.809 1.99799
1425 166.001 450.208 2.01572
1426 165.709 454 2.61551
1427 164 453.999 0.000630908
1428 166 457.037 2.28679
1429 166 461.25 2.44412
1430 164 466 0.000240279
1431 164 468 0.000383632
1432 163.999 470 0.00072894
1433 163.999 472 0.000752493
1434 163.999 473.999 0.00101627
1435 164 476 0.000438139
1436 162 478 2.01491
1437 162 480.8 2.16419
1438 162 481.263 2.13284
1439 162 482.857 2.28387
1440 162 486.211 2.05362
1441 162 487.273 2.17605
1442 160 488.286 4.35723
1443 165.939 88.0008 4.00551
1444 166.437 85.9993 2.05438
1445 170.001 89.6666 3.98652
1446 170 92.0513 4.02916
1447 170 109.889 3.96171
1448 170 112 3.94798
1449 170.001 114.286 4.00431
1450 170 116.174 4.01951
1451 170 118.208 3.9943
1452 168 120.812 2.15727
1453 168 123.024 2.26067
1454 167.067 126 2.25577
1455 167.684 132 4.39534
1456 165.999 130 0.000638038
1457 165.999 131.999 0.00139016
1458 165.999 134 0.000506534
1459 164 135.171 2.14102
1460 163.999 137.924 1.99422
1461 163.999 139.562 2.05556
1462 164 141.158 2.18408
1463 163.333 142 3.29629
1464 170 290 4.06684
1465 172 292 6.0381
1466 170 294.348 4.06522
1467 170 295.733 4.06921
1468 170 298 3.98859
1469 168.001 300 2.00955
1470 170 302.216 4.04739
1471 170 303.795 4.02457
1472 170 305.771 3.96215
1473 170 308.267 4.00453
1474 170 310.49 4.07545
1475 168 312 1.99508
1476 168.001 314 2.01047
1477 168.001 316.358 2.04083
1478 168.001 317.948 2.01487
1479 168 320.116 2.01678
1480 168.001 321.848 2.00994
1481 168.001 324.056 2.00668
1482 170 326.889 4.08007
1483 170 332 4.02496
1484 169.75 336 4.37416
1485 168 336.552 2.07014
1486 168 338.098 1.99016
1487 168 341.143 2.28278
1488 168 340 2.83129
1489 168 342.833 2.31985
1490 168 345.5 2.08714
1491 170 347.111 4.14685
1492 168 350.105 2.01523
1493 170 353.4 4.20167
1494 170 354 3.92216
1495 167 362 5.98217
1496 167.222 360 2.34282
1497 166 362 0.000492217
1498 168 364.381 2.01433
1499 166.818 368 2.10325
1500 166 368 0.000250115
1501 166 372 0.000255006
1502 166 374 0.000276652
1503 166.083 380 2.05173
1504 168.001 384.239 2.01307
1505 168 387 2.27264
1506 166 388 0.000570383
1507 168.001 390.581 2.09725
1508 167.917 394 2.71432
1509 166 394 0.000226697
1510 165.999 398 0.000727143
1511 165.999 400 0.000616305
1512 166 402 0.000287528
1513 166 404 0.000527449
1514 166 408 0.000337972
1515 165.999 410 0.000695995
1516 168 415.75 2.08665
1517 166 424 0.000373538
1518 166 426 0.000250309
1519 165.999 428 0.000804067
1520 165.999 430 0.00071107
1521 165.999 432.001 0.00104488
1522 165.999 434 0.00140277
1523 165.999 435.999 0.0011527
1524 166 438 0.000247129
1525 166 440 0.000221169
1526 168 445.077 3.69063
1527 166 444 0.000405093
1528 165.999 446 0.000825825
1529 165.999 448 0.00101332
1530 165.999 450 0.0011093
1531 166 452 0.000489099
1532 164 454 2.02929
1533 164 455.5 2.05117
1534 166 458 0.000440733
1535 165.999 460 0.000838828
1536 164 462.485 2.04373
1537 164 463.574 2.04147
1538 166 466 0.000444403
1539 164 467.077 2.21602
1540 164 471.067 2.30257
1541 164 471.826 2.00586
1542 164 474 1.99933
1543 164 475 2.22908
1544 164 477.619 2.08255
1545 162.4 478 4.00278
1546 162 480.364 5.27713
1547 168.028 86.0001 2.00524
1548 167.999 86 0.000537973
1549 168 87.9999 0.00025131
1550 169.883 87.9996 2.76196
1551 170.001 91.2385 2.13903
1552 170.001 93.7227 2.01837
1553 170 95.88 2.01023
1554 172.001 98 3.98173
1555 170 100 2.01372
1556 172.001 102.065 4.01904
1557 170 104.132 2.01096
1558 170.001 106.171 2.01675
1559 170 108.203 2.00496
1560 170 110.545 2.08215
1561 170 112.975 2.20994
1562 170 113.667 2.02945
1563 170 116.156 2.00862
1564 168.649 122 4.04461
1565 168 122 0.000297782
1566 170 124.833 2.16041
1567 168 126 0.000243834
1568 168 128 0.000483996
1569 168 130 0.000571647
1570 164 137.667 7.02031
1571 166 133.6 2.05233
1572 164.552 134 3.99351
1573 164 134.615 5.28254
1574 172 240 4.03835
1575 172 242 4.00063
1576 174 244 5.95388
1577 172 246 4.04467
1578 172 248 3.98838
1579 172 250 4.00075
1580 172 252 3.98714
1581 172 254 4.0514
1582 172 256 3.97455
1583 172 258 3.96204
1584 172 260 3.98884
1585 172 262 3.95843
1586 172 264 4.03199
1587 172 266 3.98115
1588 172 268 4.03877
1589 170 270 2.00287
1590 170 272 1.98684
1591 170 274 2.00642
1592 170 276 2.00426
1593 172.001 278 4.02467
1594 172.001 280 4.00067
1595 172 282 3.9726
1596 170.001 284 2.0099
1597 170 286.084 1.99283
1598 170.001 288.273 2.01795
1599 170 290.333 2.04059
1600 170 291.9 1.98675
1601 170 294.408 2.02308
1602 170 296.667 2.10963
1603 170 298.414 2.06907
1604 168 300 0.000262121
1605 170 302.229 2.02284
1606 170 303.429 2.0915
1607 170.001 305.721 2.03514
1608 170 309.073 2.26534
1609 170 311.412 2.43892
1610 168 316 0.000445293
1611 167.999 318 0.00074199
1612 167.999 320 0.000693238
1613 167.999 322 0.000831046
1614 167.999 323.999 0.000727782
1615 168.556 324 2.14513
1616 170 328.308 2.01416
1617 167.636 342 8.30652
1618 167.999 336 0.000584275
1619 167.999 338 0.00074299
1620 168 340 0.000428752
1621 167.999 342 0.000888842
1622 166.454 342 2.52946
1623 170 346.316 2.00616
1624 170 348.533 2.13984
1625 170 352.968 2.24654
1626 170 357.182 2.32892
1627 166 363.333 2.11355
1628 166.125 368 2.64272
1629 167.999 368 0.000738271
1630 166 369 2.24249
1631 166 372.632 2.06682
1632 166 374.25 2.01673
1633 166 376.333 2.01528
1634 166 378.261 2.01095
1635 166 380.118 2.00637
1636 167.999 382.001 0.000906442
1637 165.999 383.448 2.06147
1638 167.999 385.999 0.00101611
1639 168 388.001 0.000834862
1640 165.999 389.428 2.0741
1641 167.999 392 0.000840932
1642 167.999 394 0.000608046
1643 166.222 394 2.65381
1644 168.8 404 4.16971
1645 167.444 404.001 2.06623
1646 165.999 403.073 2.20695
1647 167.999 406 0.000845168
1648 167.999 408 0.000579578
1649 166.428 412 2.5399
1650 167.999 412 0.000945423
1651 167.999 414 0.00101209
1652 167.999 416 0.00107535
1653 166 418.178 2.02409
1654 166 420.609 2.11804
1655 166 421.31 2.12842
1656 166 425.333 2.41145
1657 165.999 425.333 2.1275
1658 165.999 427.491 2.06213
1659 166 429.415 2.10062
1660 166 432.414 2.04865
1661 166 435.081 2.26778
1662 165.999 435.782 2.02626
1663 166 438.818 2.16555
1664 166 439.857 2.01012
1665 167.999 442 0.000823085
1666 167.999 444 0.000781604
1667 166 445.444 2.06959
1668 166 448.615 2.11207
1669 166 450.5 2.05368
1670 166 452 1.99258
1671 166 453.647 2.04244
1672 164 455.515 3.98873
1673 166 456.788 2.34948
1674 166 461.539 2.42104
1675 166 461.455 2.10379
1676 166 465 2.26326
1677 166 464.833 2.2993
1678 170.219 88.0005 4.00012
1679 168.586 88.0001 2.4672
1680 169.999 88 0.000787617
1681 170 90.0003 0.000266187
1682 169.999 91.9999 0.00057109
1683 170 93.9997 0.000502391
1684 172 96.6087 2.04352
1685 172 103.304 2.41913
1686 170 104 0.000283409
1687 170 106 0.000370004
1688 169.999 108 0.000533414
1689 170 110 0.000406694
1690 170 112 0.000342827
1691 169.999 114 0.000721146
1692 169.999 115.999 0.000878971
1693 170 118 0.000315525
1694 168 120.103 1.97747
1695 170 122 0.000392907
1696 168 122.529 2.45457
1697 168 127.308 2.12105
1698 168 129.476 2.05083
1699 166.762 130 3.77973
1700 170 134 0.00025577
1701 176 224.24 6.04711
1702 174 226.138 3.99581
1703 174 227.889 3.94638
1704 172.001 230.185 2.00929
1705 172.001 231.8 2.02095
1706 174.001 234.339 3.99211
1707 174.001 236.282 4.02116
1708 172.001 238.277 2.03495
1709 172 240.772 2.15287
1710 172.001 242 1.9969
1711 174 243.091 4.05983
1712 174 246.596 4.06184
1713 172.001 247.764 2.01096
1714 172.001 249.876 2.0167
1715 172 252.4 2.05082
1716 172.001 254.278 2.01275
1717 172.001 255.923 2.01254
1718 172 258.406 2.03276
1719 172.001 259.493 2.06028
1720 172.001 261.77 2.01926
1721 172.001 264.655 2.08573
1722 172 266.457 2.03031
1723 171.556 270 2.5956
1724 170 270 0.000283605
1725 170 272 0.000337064
1726 170 274 0.000277318
1727 170 276 0.000224811
1728 172 278 1.99863
1729 172 281.75 2.66462
1730 171.364 284 2.4144
1731 170 284 0.000259334
1732 169.999 286 0.000659724
1733 169.999 288 0.000763645
1734 170 290 0.000504319
1735 170 296 0.000488024
1736 170 298 0.000546129
1737 170 300 0.00038366
1738 168 301.459 2.09014
1739 170 304 0.000547111
1740 169.999 306 0.000715243
1741 169.999 308 0.000833803
1742 169.999 310 0.00120292
1743 169.999 312 0.000948291
1744 168 313.86 2.02017
1745 168 315.727 2.02641
1746 167.999 317.721 2.0347
1747 168 320.19 2.02845
1748 168 322.163 1.98896
1749 168 324.231 2.02493
1750 169.999 326 0.000894613
1751 169.999 328 0.000936486
1752 169.999 330 0.000789834
1753 169.999 332 0.00111646
1754 169.999 334 0.000568704
1755 168 336.286 2.00312
1756 168 338.571 2.06468
1757 168 339.043 2.18752
1758 168.166 344 2.66
1759 168 345.392 2.45189
1760 168 345.579 2.03662
1761 169.999 348 0.00104107
1762 168 351.556 2.52517
1763 169.999 352 0.00104525
1764 169.999 354 0.00122941
1765 169.999 356 0.00122919
1766 169.999 358 0.000894283
1767 167.999 359.686 2.03752
1768 166 361.628 4.0455
1769 168 364 1.9978
1770 168 365.2 2.13685
1771 168 368.522 2.0471
1772 166 369.172 4.13586
1773 168 371.304 2.1278
1774 166 374 3.97515
1775 166 375.059 3.99653
1776 167.111 382 4.75695
1777 166 379.226 4.03852
1778 166 381.652 3.95668
1779 168 384.762 2.19295
1780 168 386 1.99717
1781 166 388 4.05147
1782 166 389.448 4.05397
1783 168 392 2.02056
1784 166 394.667 4.11278
1785 166 396 3.99636
1786 170 398 0.000447952
1787 169.999 400 0.000505084
1788 169.999 402 0.000579508
1789 170 404 0.000383774
1790 168 406.75 2.3479
1791 166 411.158 4.15744
1792 168 414 2.03745
1793 168 416 1.99578
1794 166 418.5 4.02684
1795 166 420.471 4.01851
1796 168 422 2.03514
1797 168 422.6 2.42981
1798 172.119 90.0004 4.013
1799 170 90.7301 3.3805
1800 169.999 89.6189 2.03805
1801 170 92 1.98793
1802 169.999 95.13 2.29932
1803 170 95.6552 2.03839
1804 171.999 97.9997 0.000942931
1805 172 100 0.000514456
1806 170 100.73 2.37248
1807 170 104.208 1.99943
1808 170 104.435 2.53271
1809 170 111.857 4.44658
1810 169.999 109.927 2.01125
1811 169.999 111.415 2.0901
1812 170 114.5 2.03955
1813 169.999 115.392 2.08863
1814 170 117.333 2.1104
1815 174 121.781 2.67971
1816 170.578 124 2.46924
1817 170 125.869 2.96108
1818 172 206 0.000220216
1819 176 212.174 4.05108
1820 176 216.19 4.04852
1821 176 217.543 4.06224
1822 176.001 220.846 4.09415
1823 176 223.263 4.18631
1824 176 224.667 4.02581
1825 174 226.471 2.05206
1826 174 228.818 2.14967
1827 172 230 0.000582751
1828 172 232 0.000312745
1829 174 235 2.22356
1830 172 238 0.000239308
1831 172 242 0.000328813
1832 174 245.818 2.71744
1833 171.943 248.001 2.00637
1834 171.998 247.999 0.00172822
1835 171.999 249.999 0.00124807
1836 172 252 0.00048684
1837 171.999 254 0.000612788
1838 171.999 256 0.00112918
1839 171.999 258 0.00114633
1840 171.999 260 0.001499
1841 171.999 261.999 0.00141649
1842 172 264 0.000491034
1843 172 266 0.000490851
1844 172 268 0.000228176
1845 172 270 0.000372981
1846 170 276.757 2.10079
1847 170 277.75 2.0097
1848 172 280 0.000305295
1849 172 282 0.000369157
1850 172 284 0.00049709
1851 170 284.933 2.15642
1852 170 288.222 1.95845
1853 170 291.734 2.65131
1854 170 291.929 1.99334
1855 171.999 294 0.0009103
1856 170 296.082 2.01319
1857 170 297.429 2.10323
1858 170 299.897 2.00411
1859 168 301.333 4.03961
1860 170 304.129 1.99628
1861 170 305 2.20408
1862 170 306.823 2.31444
1863 170 315.077 2.21861
1864 174 90.0003 0.000279455
1865 172 91.55 2.02127
1866 172 97.7146 4.25925
1867 170 95.0731 4.14226
1868 172 98.3236 2.02933
1869 170 100.872 4.05791
1870 170 101.167 4.1165
1871 170 104.4 4.04162
1872 170 105.714 3.99443
1873 170 104.421 5.35798
1874 180 118.561 6.45757
1875 176.001 119.726 2.6364
1876 174 122 0.000253439
1877 172 123.259 2.14091
1878 171.733 124 3.02154
1879 178 156 3.98766
1880 178.001 158 3.99865
1881 176 160 1.97482
1882 178 196.25 3.94571
1883 178 198.242 3.96971
1884 178 200.114 4.04965
1885 178 201.647 4.06666
1886 178 205.889 4.35083
1887 178 205.417 4.05414
1888 176 208.041 1.98801
1889 178 211.048 4.15472
1890 176.001 211.568 2.05339
1891 176 214.283 2.02794
1892 176.001 216.429 2.05082
1893 176 218.743 2.13408
1894 176 219.742 1.99388
1895 176 222.556 2.06066
1896 174 226 0.000345338
1897 174 227.999 0.000985845
1898 175.182 234 4.2005
1899 173.999 232 0.000667525
1900 172 233.623 2.03638
1901 173.999 236 0.00105342
1902 172 238.25 2.01293
1903 171.999 240.618 2.09194
1904 172 242.03 2.01212
1905 171.999 243.886 2.00778
1906 173.999 245.999 0.00105665
1907 173.999 248 0.000688734
1908 172 251.871 2.74956
1909 172 252.115 2.01948
1910 173.999 254 0.000854772
1911 172 255.133 2.17431
1912 172 257.2 2.17337
1913 172 262 2.81719
1914 172 262.552 2.04957
1915 172 264 1.99241
1916 172 266.526 2.0686
1917 172 266.667 2.41164
1918 170 274.445 6.04937
1919 173.999 272 0.000502483
1920 173.999 274 0.000737392
1921 170 276.348 3.99252
1922 172 280.167 2.96616
1923 172 280.24 1.99769
1924 172 281.586 2.02735
1925 172 283.545 2.05617
1926 170 284.788 4.17197
1927 170 286.461 4.30314
1928 170 290 4.07088
1929 170 291.5 3.92608
1930 180 116.875 4.92168
1931 176.857 118 2.16793
1932 176 118 0.000469303
1933 175.999 120 0.000650486
1934 174 120.552 2.45812
1935 173.647 122 3.08065
1936 177.714 158 4.41647
1937 178.5 158 3.19885
1938 177.854 156 2.72698
1939 176 159.999 0.000550798
1940 180.001 186.308 4.03332
1941 178.001 188 2.01349
1942 178 190.066 2.00718
1943 180 192.34 3.9817
1944 178.667 196 3.3808
1945 178.001 196.14 1.99324
1946 178 198.357 1.99646
1947 178 200 2.00999
1948 178 201.938 2.00342
1949 178 205.018 2.25377
1950 176 214 3.9065
1951 176 212 0.000517975
1952 175.999 214 0.00088415
1953 175.999 216 0.00104386
1954 175.999 218 0.000949463
1955 175.999 220 0.00115682
1956 175.999 222 0.000934394
1957 175.999 224 0.000817881
1958 174 226.16 1.98665
1959 173.999 227.37 2.09908
1960 174 229.684 1.99706
1961 176 232 0.000503402
1962 172 232.364 4.39576
1963 172 241.25 4.12506
1964 174 244.769 2.21806
1965 174 244.21 2.65858
1966 172 254.75 4.13733
1967 172 254 4.56712
1968 172 267.467 3.97538
1969 172 269.647 4.57372
1970 180.001 113.303 2.38295
1971 180 113.882 1.99397
1972 180 114.389 2.57126
1973 180 116.385 2.54822
1974 176 118.667 2.41506
1975 176 119.909 2.89138
1976 182 149.75 4.05547
1977 182 152.649 3.99328
1978 180.001 157.322 3.88901
1979 176.727 158 2.33686
1980 177.999 157.999 0.00149987
1981 178.444 158 2.05232
1982 182 177.158 4.14741
1983 182 180.245 4.03867
1984 180 182.16 2.00163
1985 180 185.39 2.44243
1986 180 187.4 2.43545
1987 180 189.857 2.94238
1988 179.167 196 2.31086
1989 177.999 196 0.000554335
1990 178 198 0.000517023
1991 177.999 200 0.000847484
1992 177.999 202 0.00118684
1993 177.999 203.999 0.00108637
1994 176 206.05 2.00442
1995 176 207.787 2.00322
1996 176 210.227 2.02206
1997 177.999 212 0.00082357
1998 176 213.277 2.11218
1999 176 214.896 2.28788
2000 181.622 112.001 2.58164
2001 180 112 0.000469587
2002 180 114 0.000299886
2003 179.999 116 0.000707385
2004 179.999 117.999 0.00110685
2005 182.001 148.28 2.01581
2006 182 150.396 2.04747
2007 182 153.693 2.60499
2008 178.667 158 4.29799
2009 180 157.999 0.000674563
2010 178.643 158 2.41739
2011 184.001 174.863 4.1099
2012 182 176.394 2.04908
2013 182 178.867 2.19559
2014 182 181.75 2.65911
2015 180 182 0.000328148
2016 180 184 0.000386266
2017 179.999 186 0.000588515
2018 179.999 188 0.00085688
2019 178 190.207 2.02378
2020 178 191.733 2.01892
2021 179.999 194 0.000936687
2022 179.999 196 0.000602306
2023 178 197.771 1.99422
2024 178 199.742 2.00989
2025 178 202.56 2.08081
2026 178 203.235 2.13506
2027 178 205.294 2.16568
2028 183.403 110.001 2.43866
2029 182 110 0.000255746
2030 180 112.714 2.36075
2031 180 113.931 2.87194
2032 186 142 4.09223
2033 186 145.225 4.14968
2034 183.562 148.001 2.53904
2035 181.999 148 0.000695145
2036 181.999 149.999 0.00136663
2037 182 152 0.000360644
2038 183.334 156 2.39533
2039 182 156 0.000568858
2040 180.12 156 2.74513
2041 179.4 158 3.19786
2042 184.265 174.001 3.04239
2043 183.308 176 2.37255
2044 182 176 0.000304868
2045 181.999 178 0.000636244
2046 181.999 180 0.00110054
2047 181.999 182 0.000822302
2048 180 183.436 2.09865
2049 180 184.647 2.39949
2050 186.462 108 3.15628
2051 186 109.263 2.33954
2052 184 110 0.000344468
2053 182 110.333 2.60832
2054 181.818 112 2.91877
2055 190 141.79 6.24057
2056 186 142.574 2.08319
2057 185.267 146 2.37828
2058 184 146 0.000421137
2059 184 148 0.000442617
2060 182 149.641 2.05972
2061 180.8 156 5.13387
2062 183.455 150 4.05192
2063 184 156 0.000587493
2064 182 156 2.75348
2065 186.001 171.244 2.3646
2066 184 174 0.000311767
2067 183.999 176 0.000601615
2068 182 176.513 2.50743
2069 182 179.2 2.09794
2070 187.461 108.001 4.26396
2071 188 106.53 2.08272
2072 186 108 0.000497069
2073 186 109.999 0.000544569
2074 183.913 110 2.88059
2075 190.001 136.713 4.03712
2076 188.001 139.024 2.2408
2077 186.29 142.001 2.01773
2078 185.999 141.999 0.00115261
2079 185.999 145.999 0.000934548
2080 184 146.461 2.5195
2081 186.539 154 2.0544
2082 186 153.999 0.000621326
2083 184.928 154 2.27225
2084 187.974 170.001 2.81554
2085 186 170 0.000304784
2086 186 172 0.000398913
2087 186 174 0.000637754
2088 184 174.286 2.67933
2089 188 106 4.03276
2090 188.085 106.001 2.00194
2091 188 105.999 0.000849163
2092 188 108 0.000546443
2093 186.312 108 2.61917
2094 192 128.242 4.05922
2095 192.001 130.065 3.96981
2096 190.001 132.108 1.99748
2097 190.001 135.564 2.53483
2098 188.231 138 1.99898
2099 187.999 137.999 0.000808658
2100 187.999 142 0.000753152
2101 186 142.421 2.54863
2102 187.871 154 3.98576
2103 189 154 2.24512
2104 188 153.999 0.000771826
2105 186.461 154 2.52879
2106 190 169.95 4.40751
2107 187.999 169.999 0.00120339
2108 186 170.667 2.3995
2109 186 172.2 2.74914
2110 190 106 4.02715
2111 189.135 106 2.19381
2112 190 105.999 0.000755169
2113 192 107.621 2.03836
2114 194 109.949 3.97936
2115 194 111.412 4.1466
2116 194 119.3 4.0626
2117 194.001 122.3 3.97918
2118 194 124.048 4.01756
2119 192.002 126.436 2.04421
2120 192 128.87 2.1923
2121 190.75 132 2.15334
2122 189.999 132 0.000564164
2123 189.999 134 0.000615202
2124 190 136 0.000372664
2125 188 139.063 2.28561
2126 187.999 138.438 2.54608
2127 190 142 0.000389372
2128 190.167 154 3.98232
2129 191.739 154 2.67091
2130 190 153.999 0.00107729
2131 190 168 3.97707
2132 192 168 2.82979
2133 190 167.999 0.00106644
2134 190 170 0.0004397
2135 191.755 106 2.01631
2136 192 106 0.000321952
2137 192 108 0.000463794
2138 194 108.925 2.26264
2139 194 111.605 2.04526
2140 194.001 113.838 2.00735
2141 194.002 116.063 1.99754
2142 194.001 118.316 2.02645
2143 194 120.809 2.15616
2144 194 123.229 2.3378
2145 192.198 126 2.00089
2146 191.999 126 0.000765712
2147 191.999 128 0.000949003
2148 191.999 130 0.000657344
2149 191.999 132 0.000511139
2150 190 134.25 2.01774
2151 189.999 134.806 2.33263
2152 190 136.08 2.79042
2153 192.152 152 1.99537
2154 192 152 0.000313613
2155 192 153.999 0.000784549
2156 193.31 166.001 2.39526
2157 192 166 0.000451907
2158 191.999 167.999 0.00101122
2159 193.59 108 3.99219
2160 193.138 108 2.16591
2161 194 110 0.000260963
2162 193.999 112 0.000617851
2163 194 114.001 0.000752801
2164 193.999 116 0.00102436
2165 193.999 118 0.000908385
2166 193.999 120 0.000651601
2167 193.999 122 0.000828946
2168 193.999 124 0.000857868
2169 193.999 125.999 0.00145163
2170 192 127.382 2.10162
2171 192 129.389 2.07093
2172 192 130.8 2.36423
2173 195.295 152.001 2.39066
2174 194 152 0.000393422
2175 192.428 152 2.54067
2176 195.899 166.001 4.4117
2177 196 165.75 2.65616
2178 194 165.999 0.00108231
2179 192 166.111 2.82077
2180 196 110 5.95488
2181 194 108.401 3.11283
2182 193.999 108.327 2.03797
2183 191.999 109.054 4.09815
2184 194 112.171 1.9875
2185 194 113.679 2.0499
2186 194 116.167 1.97738
2187 194 118.378 2.03447
2188 193.999 119.444 2.06451
2189 194 121.245 2.15404
2190 194 121.879 2.90736
2191 194 126 2.8749
2192 195.895 152 4.03935
2193 194.182 152 2.75962
2194 196 151.999 0.000620505
2195 197.482 164 4.26604
2196 197.746 164 2.65127
2197 196 164 0.00054161
2198 196 165.999 0.00097056
2199 194 110.235 4.03787
2200 194 115.556 5.39587
2201 194 113.405 3.99503
2202 194 115.4 4.07906
2203 194 116.417 4.28187
2204 194 117.412 4.67248
2205 198.828 152 4.07945
2206 200 151.355 2.45546
2207 198 151.999 0.000650259
2208 199.862 162.001 2.74894
2209 197.999 163.999 0.000892922
2210 196.285 164 2.64477
2211 199.564 152.001 3.98953
2212 200 150 0.00035035
2213 200 150 1.98408
2214 201.263 162.001 4.20558
2215 202 160.714 2.16974
2216 199.999 161.999 0.000847709
2217 198.378 162 2.60596
2218 201.946 150 2.02614
2219 200.091 152 2.76287
2220 201.7 150 2.03949
2221 206 154.432 3.97639
2222 204.182 158 2.98401
2223 204.001 159.715 2.63296
2224 201.999 159.999 0.000856802
2225 202 161.999 0.000699785
2226 199.8 162 2.90622
2227 204 152 3.89591
2228 203.059 152 2.19415
2229 204 152 0.000226524
2230 206 153.7 2.01685
2231 206.001 157.457 2.47014
2232 203.999 157.999 0.000962829
2233 203.999 159.999 0.000817697
2234 202.556 160 2.48736
2235 205.959 152 2.01894
2236 206 152.001 0.000738344
2237 206 154.001 0.000608683
2238 205.999 155.999 0.00127364
2239 206.438 156 2.03076
2240 204.631 158 2.42351
2241 208.182 156 5.96041
2242 206 154.688 3.32405
2243 205.999 154.593 2.08809
2244 206 155.151 2.18288
2245 206 156.178 2.72113
2246 205.8 158 2.90012
2247 209.8 156 4.07905
2248 206 154.727 4.12
2249 208 154.56 2.49134
