0 118 530 3.97615
1 118 532 3.9998
2 116 534 2.00086
3 116.002 536 1.99818
4 116 538 2.00086
5 116 540 2.00086
6 116 542 2.00086
7 116.001 544 2.00066
8 116 546 2.00086
9 116 548 2.00086
10 116 550 2.00086
11 116 552 2.00086
12 116 554 2.00086
13 116 556 2.00175
14 116 558 2.00086
15 118.001 560 3.99865
16 116 562 2.00086
17 120.001 522 3.99865
18 118.002 524 1.99818
19 118.002 526 2.00346
20 118.001 528.499 2.06527
21 118 530.4 2.03732
22 118.001 533.285 2.38703
23 116 536 1.98138
24 115.999 536 0.00104063
25 115.999 538 0.00052752
26 115.999 540 0.00052752
27 115.999 542.001 0.000794432
28 115.999 543.999 0.00126912
29 115.999 546 0.00052752
30 115.999 548 0.00052752
31 115.999 552 0.00052752
32 115.999 554.001 0.000973068
33 115.999 555.999 0.0015742
34 115.999 557.999 0.000746025
35 118 561.618 2.53699
36 116 561.998 0.00173233
37 118.002 564 1.99818
38 118 566 2.00175
39 118.001 568 2.00234
40 120 570 3.97615
41 122 514 3.9998
42 120.001 516 2.00025
43 120 518 2.00175
44 120 520.958 2.21392
45 120.001 523.571 2.51846
46 118 524 0.000548389
47 117.997 526 0.00250492
48 117.998 528 0.00246571
49 117.998 530 0.00215551
50 117.998 532 0.00219666
51 117.998 533.999 0.00181087
52 115.999 536 2.00001
53 115.999 538 2.00001
54 115.999 540 2.00001
55 115.999 542 2.00001
56 115.999 544 2.00001
57 115.999 546 2.00001
58 115.999 548.608 2.08945
59 115.999 549.534 2.05068
60 115.999 552 2.00001
61 115.999 554 2.00001
62 115.999 556 2.00001
63 115.999 559.115 2.29708
64 115.999 559.806 2.00899
65 117.998 562 0.00178327
66 117.998 564 0.00219131
67 117.997 565.999 0.00263517
68 117.999 567.999 0.00142858
69 118.002 569.999 0.00202106
70 120.001 572 2.00066
71 122 574 3.97615
72 124 508 3.97615
73 122.001 510 2.00066
74 122 512.719 2.12886
75 121.84 516 2.71712
76 119.999 516 0.000723127
77 119.998 518 0.00162694
78 119.997 520 0.00255203
79 119.998 521.999 0.0025508
80 119.998 523.998 0.00244989
81 120 570 3.94806
82 119.999 568.001 0.00180585
83 118 569.808 2.00943
84 120 569.999 1.98702
85 122.001 573.327 2.12096
86 124 576 3.9998
87 126 496 3.97615
88 126 498 4.01203
89 126.001 500 3.99865
90 124.002 502 1.99818
91 124.002 504 1.99818
92 124.001 506.524 2.06527
93 123.787 510.001 2.67239
94 121.999 510 0.00114361
95 121.998 512 0.00213351
96 121.998 513.999 0.00240098
97 121.998 515.999 0.00191204
98 120 516.016 2.82881
99 122 574.001 4.01287
100 121.998 572 0.00232953
101 120 572.122 2.74064
102 122.001 575.999 0.0015398
103 124.002 578 1.99818
104 126 580 3.97615
105 128 490 3.9998
106 126 492 2.00086
107 126.002 494.594 2.08162
108 126.001 496.191 2.00975
109 126 498.425 2.047
110 125.113 502.001 2.29957
111 123.999 502 0.000950703
112 123.998 504 0.0021753
113 123.998 506 0.00246571
114 123.998 507.999 0.00235586
115 123.999 509.999 0.0014334
116 122 510 2.83543
117 124 576.001 3.86907
118 123.999 574.001 0.00156508
119 123.998 576 0.00215551
120 121.999 574.799 3.77206
121 124.002 579.999 0.00202106
122 128.001 582 3.99865
123 130.001 484 3.99865
124 128.001 486 1.99818
125 128 488.772 2.14546
126 128.001 491.334 2.38703
127 126 496 3.96235
128 125.999 494 0.0010293
129 125.997 496 0.00255
130 125.997 497.999 0.00267789
131 125.998 499.999 0.00181087
132 125.999 501.999 0.00170386
133 126 580 3.94806
134 125.999 578.001 0.00180585
135 123.999 578.602 2.44091
136 126.001 581.999 0.00153473
137 130.001 584 3.99306
138 132.001 480 4.03395
139 130 483.369 2.42661
140 130.001 485.532 2.53412
141 127.999 486 0.00125128
142 127.998 488 0.0023816
143 127.998 490 0.00219666
144 127.998 491.999 0.00181087
145 127.999 493.999 0.00170386
146 128 582 4.12533
147 127.999 580.002 0.00165077
148 125.998 581.604 2.03631
149 128.001 583.998 0.00183134
150 130.002 586 2.00764
151 134.001 476 3.99865
152 132.001 478.775 2.1531
153 132.001 481.334 2.38703
154 129.999 482.001 0.000889291
155 129.998 483.998 0.00288448
156 129.999 485.999 0.00130541
157 130 584.002 2.00764
158 129.998 584 0.00232634
159 128.973 581.999 4.1416
160 134.002 588 3.98768
161 136.001 472 4.03395
162 134.001 475.107 2.29652
163 132.921 478 2.20912
164 131.998 478 0.00175566
165 131.998 479.999 0.00235586
166 131.999 481.999 0.00170386
167 132 588.001 4.05542
168 130 586.211 1.99998
169 132 587.998 0.00190471
170 138 590 6.05013
171 138.001 466 4.03395
172 138.001 468 3.9844
173 136.002 470.751 2.14554
174 136 473.74 2.66136
175 133.999 474 0.00104063
176 133.998 475.999 0.0020536
177 133.999 477.999 0.000890195
178 134 588.002 2.01974
179 126 581.6 10.2849
180 134.001 589.999 0.00167965
181 140 462 4.02462
182 138.001 465.165 2.31755
183 138.001 467.334 2.38703
184 137.218 470 2.37014
185 135.998 470 0.00162645
186 135.998 471.999 0.00258257
187 135.999 473.999 0.00170386
188 136 590 4.12533
189 135.999 588.002 0.00180986
190 136 589.998 0.00232953
191 142 592 6.01375
192 142.001 461.474 4.23926
193 140.001 462.985 2.22578
194 138 464.001 0.000690332
195 137.998 466 0.00215551
196 137.998 467.999 0.00253235
197 137.999 469.999 0.0011687
198 138 590.002 2.0076
199 137.999 589.998 0.00214314
200 138.929 590 2.21533
201 144 454 4.02462
202 142.002 456 1.9948
203 142.002 459.426 2.45931
204 138.37 468.001 8.09688
205 139.997 461.999 0.00288306
206 139.999 463.999 0.00170386
207 140 590.001 2.02857
208 139.998 589.999 0.0020536
209 140.002 591.999 0.00165077
210 146.001 450 3.99865
211 146.001 453.474 4.23926
212 144.001 455.303 2.38886
213 141.999 456.001 0.000883196
214 141.998 457.999 0.00260131
215 141.998 459.998 0.00221913
216 142 592.002 2.01974
217 141.6 589.998 2.05827
218 146 450.601 3.31633
219 146.001 450.84 2.18683
220 144 454.001 1.98527
221 143.997 453.999 0.00288306
222 143.999 455.999 0.00170386
223 144 592.001 2.02857
224 144 591.998 0.00173233
225 150 442 4.00935
226 148 444 1.99219
227 148.001 446.851 2.18071
228 147.06 450 2.2636
229 145.998 449.999 0.0025508
230 145.998 451.998 0.00244989
231 146 592.001 2.02857
232 145.999 591.998 0.00181087
233 150.001 594 3.9844
234 148 446 6.01375
235 150 443.522 2.51057
236 148 446 1.98138
237 147.998 446 0.00219666
238 147.998 447.998 0.00244989
239 148 594 3.94806
240 147.999 592.001 0.00131524
241 148.001 593.998 0.00191561
242 154 438 4.02462
243 151.988 442.002 2.81668
244 149.999 442 0.00104063
245 149.998 443.998 0.00244989
246 150 594.002 1.99155
247 149.999 593.997 0.00267789
248 154.001 596 3.9844
249 154.002 436.526 2.07285
250 154 439.802 2.69521
251 151.998 439.999 0.00235586
252 151.999 441.999 0.00170386
253 152 594.001 2.02857
254 150 594 1.99219
255 152.001 595.998 0.00191561
256 158 432 4.01203
257 155.764 436.002 2.6748
258 153.999 436 0.00124942
259 153.998 437.998 0.00328994
260 154 596.002 1.99155
261 152.951 593.998 2.25167
262 160.001 598 5.99133
263 158.223 432.001 3.00805
264 158.001 433.661 2.59386
265 155.998 433.999 0.00235586
266 155.999 435.999 0.00170386
267 156 598 3.94806
268 153.999 596.608 2.08945
269 156 597.998 0.00157762
270 162 426 4.02462
271 160.002 428.79 2.1599
272 159.84 432 2.71712
273 157.998 431.998 0.00346237
274 158 598.001 2.02857
275 158 597.998 0.00178327
276 162 426.049 2.84608
277 161.787 428.001 2.67239
278 159.999 428 0.00112153
279 159.998 429.998 0.00328994
280 160 598.002 2.01974
281 159.999 597.998 0.00253235
282 164.001 600 3.9844
283 164 422.737 2.1196
284 164 425.802 2.69521
285 161.998 425.999 0.00235586
286 161.999 427.999 0.00170386
287 162 600.001 3.86907
288 161.999 598.001 0.00122623
289 162.001 599.998 0.00191561
290 168.001 418 3.99865
291 166.002 421.426 2.45931
292 163.999 422.001 0.000794432
293 163.998 423.998 0.00328994
294 164 600.002 1.99155
295 163.999 599.997 0.00267789
296 172.001 602 8.02401
297 168 418.601 3.31633
298 167.513 420.001 2.50281
299 165.998 419.999 0.00274594
300 165.999 421.999 0.00170386
301 166 600.001 2.02857
302 165.999 599.999 0.00121476
303 166.893 600 2.12782
304 172.001 412 3.99865
305 170.002 414.751 2.14554
306 169.325 418.001 2.41652
307 167.998 417.998 0.00304836
308 168 602.001 4.03395
309 163.999 601.334 4.21756
310 168 601.999 0.0012587
311 172 412.601 3.31633
312 171.976 414.001 2.81186
313 169.998 413.999 0.0025508
314 169.998 415.998 0.00244989
315 170 602.001 1.9787
316 170 601.998 0.00157762
317 172 412.001 4.03395
318 174 411.869 2.73185
319 171.998 411.998 0.00304992
320 172 602.001 2.02857
321 172 601.998 0.00173233
322 178 406 4.02462
323 175.847 410.002 2.71983
324 173.999 409.998 0.00234478
325 173.999 411.999 0.000890195
326 174 602.001 2.02857
327 174 601.998 0.00174
328 178 406.049 2.84608
329 178.001 407.811 2.69937
330 175.999 407.999 0.00165031
331 175.999 409.999 0.00170386
332 176 602.001 1.9787
333 176 601.998 0.00157762
334 178 406 3.92895
335 178.985 406.001 2.22578
336 177.999 405.999 0.00190238
337 177.999 407.999 0.00170386
338 178 602.001 2.02857
339 178 601.998 0.00173909
340 182.983 404.002 3.60868
341 183.167 402 3.77033
342 179.999 405.999 0.00170386
343 180 602.002 1.9948
344 180 601.998 0.00189168
345 183.04 402.002 2.26091
346 181.998 403.998 0.00304836
347 182 602.001 2.02857
348 181.999 601.998 0.00181087
349 186.026 400.001 2.86425
350 185.806 402.001 2.67752
351 183.998 401.998 0.00346237
352 184 602.001 1.97471
353 184.001 601.999 0.00131524
354 186 400 4.04926
355 187.676 400.001 2.6053
356 185.998 399.998 0.00328994
357 186 602.001 2.02857
358 186 601.998 0.00173233
359 194 394 6.01375
360 189.988 398.002 2.81668
361 187.999 397.998 0.00235586
362 188 602.001 2.02857
363 188 601.998 0.00174
364 190 396 4.00935
365 191.492 396 2.48893
366 189.999 395.999 0.00155652
367 189.999 397.999 0.00170386
368 190 602.001 1.9787
369 190 601.998 0.00157762
370 192.719 394 2.1196
371 192 393.999 0.000913234
372 191.999 395.999 0.00130541
373 192 602.001 2.02857
374 192 601.998 0.00174
375 194 394 3.92895
376 196 393.802 2.69521
377 193.998 393.998 0.00264104
378 194 602.001 1.9787
379 194 601.998 0.00157762
380 197.857 392.002 2.73696
381 195.999 391.998 0.00220195
382 195.999 393.999 0.000890195
383 196 602.001 2.02857
384 196 601.998 0.00178327
385 198 390.002 1.99171
386 198 389.999 0.00126169
387 198.6 390 2.10878
388 198 602.002 2.01974
389 197.999 601.998 0.00223384
390 204.001 604 5.99769
391 201.84 390.002 2.70895
392 200 389.999 0.000697674
393 197.999 390.024 2.82846
394 200 602.001 1.9787
395 199.998 602 0.00161091
396 200.001 603.999 0.00164602
397 203.439 390.001 4.23926
398 204 388 1.99678
399 201.998 389.998 0.00244989
400 202 604.002 2.00764
401 202 603.998 0.00232953
402 204 388 3.92895
403 205.851 388.001 2.71877
404 203.998 387.998 0.00288448
405 204 604.002 2.0076
406 203.999 603.998 0.0025508
407 210.001 606 5.99769
408 206.711 386.002 2.13052
409 205.999 385.999 0.00152382
410 206.6 386 2.10878
411 206 604.001 2.02857
412 205.999 603.999 0.00122254
413 206.001 605.999 0.00138379
414 208 386 4.01203
415 207.567 386 2.0257
416 207.999 385.999 0.000966018
417 205.999 386.024 2.82846
418 208 606 4.12533
419 207.023 606.001 2.19307
420 208 605.998 0.00190471
421 210 386 3.92895
422 212.001 384.336 2.03028
423 209.999 385.999 0.00130541
424 210 606.002 2.01974
425 210 605.998 0.00219666
426 214.001 608 3.9844
427 212.988 384.002 2.23752
428 211.999 383.998 0.00260131
429 212 606.001 2.02857
430 210 606 1.99219
431 212.001 607.998 0.00187444
432 216 610 4.02462
433 216 383.805 4.34567
434 216.001 382.649 2.08958
435 213.998 383.998 0.00221913
436 214 608.002 2.0076
437 213.216 605.999 2.13643
438 214.002 609.999 0.00180986
439 216 382 3.92895
440 217.465 382.001 2.47218
441 215.999 381.998 0.00258257
442 216 610.001 4.05542
443 214 608.702 2.10602
444 215.486 607.998 2.07205
445 220.001 612 3.99521
446 218.969 380.002 2.22104
447 218 379.999 0.000697674
448 217.999 381.999 0.00170386
449 218 610.001 2.02857
450 213.999 609.579 4.00196
451 218.001 611.998 0.00167514
452 222 378.927 3.57182
453 222 379.08 2.2636
454 219.998 379.998 0.00244989
455 220 612.002 2.01974
456 219.114 609.998 2.20742
457 224.001 614 3.9844
458 222 378 3.92895
459 224.001 377.906 2.75353
460 221.998 377.998 0.00288448
461 222 614 3.94806
462 219.999 612.912 2.18328
463 222.001 613.998 0.00183134
464 226.001 616 3.99865
465 225.359 376.002 2.40763
466 223.998 375.998 0.00230084
467 223.999 377.999 0.00130541
468 224 614.002 2.00764
469 221.444 611.999 3.27127
470 224.001 615.999 0.0017314
471 226.719 374 2.1196
472 226 373.999 0.000913234
473 225.999 375.999 0.00130541
474 226 616.001 4.03395
475 225.999 614.002 0.00178277
476 225.537 613.998 2.05993
477 230.001 618 3.9844
478 228 374 3.92895
479 230 373.802 2.69521
480 227.998 373.998 0.00264104
481 228 616.002 1.9948
482 223.998 615.613 4.00086
483 228.001 617.998 0.00183134
484 232.001 620 3.99865
485 231.356 372.002 2.42166
486 230 371.998 0.00170545
487 229.999 373.999 0.000890195
488 230 618.002 2.00764
489 225.999 616.105 4.4549
490 230.001 619.999 0.0016773
491 234.001 836 3.99865
492 232.001 838 2.00465
493 232 840 2.00175
494 232 842 2.00175
495 232.002 844 2.0076
496 234.001 846 3.9844
497 234 848 4.00935
498 232 372.001 4.03445
499 234 372 2.86081
500 231.998 371.998 0.00304836
501 232 620.002 1.99467
502 231.461 617.998 2.06586
503 234.002 622 2.00764
504 234.851 836.001 3.4584
505 234.001 837.73 2.6053
506 232 840 2.15464
507 231.997 840 0.00255
508 231.997 842 0.00255203
509 231.999 843.999 0.00101248
510 233.286 843.999 2.40274
511 234 847.597 2.04114
512 236.001 850 3.9844
513 234.846 370.002 2.16664
514 234 369.998 0.00215551
515 234 622.001 4.05542
516 233.999 620.001 0.00125266
517 234 621.998 0.00232634
518 236.002 624 2.00764
519 236.037 834.001 2.86884
520 236.001 835.482 2.45387
521 233.999 836 0.00141363
522 233.998 837.998 0.00304836
523 234 846.001 4.05542
524 232 844.912 2.20295
525 233.997 846 0.00255
526 232 843.999 4.57757
527 234.965 847.999 2.24318
528 238.001 852 3.99865
529 238.001 368.223 3.00805
530 238.001 369.976 2.82179
531 235.998 369.998 0.00276219
532 236 622 4.12533
533 235.267 622.001 2.11933
534 235.998 622 0.00232634
535 235.855 621.998 2.01303
536 238.001 626 2.00465
537 240.001 828 3.99521
538 238 831.342 2.41996
539 236 834 2.06133
540 235.997 833.998 0.0030248
541 235.999 835.999 0.00130541
542 236 850.001 4.03732
543 233.999 848.341 2.03792
544 233.999 848.602 2.44091
545 236.001 851.999 0.0016773
546 238.002 854 2.0076
547 238 368 4.01203
548 239.978 368.001 2.80072
549 238 367.998 0.00177835
550 238 370 0.000605629
551 238 624.002 2.01974
552 235.999 624 2.00465
553 238 625.998 0.00215551
554 240.002 628 2.00764
555 242 824 4.02462
556 240.002 827.37 2.42166
557 238.344 830 2.03637
558 237.997 829.999 0.00267789
559 237.998 831.998 0.00244989
560 238 854 6.18795
561 237.999 850.002 0.00185252
562 237.998 852 0.00174397
563 237.8 849.999 4.01759
564 242.001 856 3.9844
565 241.607 366.002 2.55522
566 240 366 0.000423183
567 239.998 367.998 0.00244989
568 240 628.001 4.03732
569 239.998 626 0.00216227
570 238.973 623.999 4.1416
571 242.002 630 2.00346
572 244 632 4.02462
573 242.05 824 2.9173
574 241.465 826.001 2.47218
575 239.999 825.999 0.000840054
576 239.998 827.998 0.00244989
577 240 854 4.12533
578 239.267 854.001 2.11933
579 237.999 852.918 2.24886
580 240.84 853.999 2.19498
581 248 858 8.01815
582 244 364 2.81739
583 244.001 365.037 2.23543
584 241.998 365.998 0.00304836
585 242 630.001 4.05542
586 241.998 628.001 0.00189655
587 232.079 619.998 14.0147
588 242.002 631.999 0.00202106
589 246 634 4.02462
590 245.95 822 4.45443
591 243.715 824.001 2.60919
592 241.998 825.998 0.00244989
593 242 856 3.94806
594 240.024 856.001 2.83776
595 240.485 854 2.51342
596 242.001 858 0.0013726
597 246.001 362.214 2.97548
598 245.741 364.001 2.63874
599 243.998 363.997 0.00319233
600 244 632 4.12533
601 243.999 630.002 0.00202106
602 241.999 630.03 2.82742
603 244.002 633.999 0.00185252
604 248.001 636 3.9844
605 248 638 4.02462
606 248 814 4.01203
607 246.002 816 2.0076
608 246.002 819.001 2.23752
609 244 822 1.92065
610 243.999 822 0.00110287
611 243.998 823.998 0.00244989
612 244 858.001 4.03395
613 244.692 858 2.16024
614 244 857.998 0.00173909
615 248.237 360.002 3.00587
616 247.31 362 2.38812
617 245.998 361.998 0.00304992
618 245.999 363.999 0.000890195
619 246 634 4.12533
620 245.999 632.002 0.00185252
621 243.999 633.484 2.07814
622 246.001 635.999 0.00125266
623 248.001 637.365 2.10394
624 250.001 640 3.99865
625 250.001 810 3.99865
626 248 812.671 2.10423
627 247.964 816.001 2.7845
628 245.998 816 0.0015252
629 245.998 817.999 0.00274594
630 245.999 819.999 0.00133514
631 245.999 821.999 0.000890195
632 246 858 3.94806
633 247.591 858 2.56541
634 246 857.998 0.00190471
635 250.001 358.888 3.50271
636 250 359.436 2.45126
637 247.998 359.998 0.00264104
638 248 638.001 4.01287
639 247.998 636 0.00233707
640 246 636.355 2.58601
641 248.001 639.999 0.00180585
642 250.002 642 2.00764
643 250.851 810.001 3.4584
644 249.842 812.001 2.72946
645 247.999 812 0.000823974
646 247.998 813.998 0.00288448
647 247.999 815.999 0.00130541
648 248 858.001 4.05542
649 247.998 856 0.00178327
650 248 857.998 0.00215551
651 250 860 1.99219
652 252.924 356.001 3.54702
653 252 357.948 2.79198
654 249.998 357.998 0.00239974
655 249.999 359.999 0.000890195
656 250 640.001 4.03395
657 249.999 638.002 0.00187055
658 248 639.77 2.01189
659 249.71 637.999 4.0238
660 252.001 644 2.00653
661 254.001 646 3.9844
662 254 804 4.02462
663 252.001 807.446 2.48475
664 251.167 810 2.27118
665 249.998 809.999 0.00177286
666 249.998 811.998 0.00244989
667 250 858.002 2.01974
668 247.999 857.356 2.10206
669 250 857.999 2.02857
670 254.002 353.426 2.45931
671 253.857 356 2.72394
672 251.998 355.998 0.00294293
673 251.999 357.999 0.000890195
674 252 644 6.01375
675 251.5 642.001 2.08386
676 251.998 642 0.00216633
677 250 643.298 2.13433
678 252.697 643.999 2.14448
679 254.002 648 2.00764
680 256 650 4.02462
681 254.002 802.527 2.0798
682 254.001 805.843 2.69937
683 251.999 806 0.00118681
684 251.998 807.999 0.00253235
685 251.999 809.999 0.0011687
686 252 860.001 3.86907
687 253.967 860 2.79941
688 252.001 859.998 0.00183134
689 258.001 348 3.9844
690 256.002 352.002 2.83911
691 253.999 352 0.000887515
692 253.998 353.998 0.00328994
693 254 646 4.12533
694 253.267 646.001 2.11933
695 253.998 646 0.00232634
696 251.214 639.999 8.41715
697 256 649.298 2.13039
698 258.001 652 3.9844
699 258 798 3.97678
700 255.633 802.002 2.58423
701 253.999 802 0.00114361
702 253.998 803.999 0.00234478
703 253.999 805.999 0.0014334
704 254 860.001 4.05542
705 253.998 858.001 0.00183134
706 253.999 859.998 0.00240098
707 256.001 862 2.00001
708 258 348 2.81739
709 257.653 350 2.65133
710 255.998 349.999 0.00260131
711 255.998 351.998 0.00221913
712 256 650.001 4.05542
713 255.998 648.001 0.00184657
714 254 649.298 2.13433
715 256.001 651.998 0.00191561
716 258.002 654 2.0076
717 258.1 798 2.9173
718 258.001 799.501 2.47218
719 256 799.999 0.000732271
720 255.999 801.999 0.00133514
721 254 803.415 2.1128
722 254 804 2.83543
723 256 860.001 2.02857
724 256 859.999 0.00052752
725 256 859.999 1.97471
726 262 342 4.00935
727 260.002 345.607 2.55522
728 259.474 348 2.51617
729 257.998 347.998 0.00328994
730 258 652 4.12533
731 257.999 650.002 0.00202106
732 255.998 651.905 1.99314
733 257.1 649.999 4.11742
734 260.002 656 2.0076
735 262 658 4.01203
736 262 792 3.92895
737 262.001 795.404 4.23926
738 260 797.965 2.79691
739 257.998 798 0.00170545
740 257.998 799.998 0.00304836
741 258 860.001 2.02857
742 258 859.999 0.00052752
743 259.1 859.999 2.26802
744 260 344 4.00935
745 262 343.727 2.63921
746 260 344 0.000423183
747 259.998 345.998 0.00304836
748 260 656.002 3.98768
749 259.998 654.001 0.00196767
750 255.999 651.679 5.8375
751 260.002 657.999 0.00191148
752 262.002 660 2.00764
753 262.1 792 2.9173
754 262.001 793.144 2.30547
755 260 796 2.09544
756 259.999 795.998 0.00209699
757 259.999 797.999 0.000890195
758 260 862.001 4.05542
759 259.999 860 0.000823629
760 259.839 859.998 2.00142
761 266.001 338 4.03395
762 264.002 341.907 2.76086
763 261.999 341.999 0.00101248
764 261.998 343.998 0.00244989
765 262 658.001 4.03395
766 261.999 656.002 0.00187055
767 259.999 657.746 2.01282
768 262 657.998 2.00764
769 264.002 662 2.00764
770 266 664 3.92895
771 264.002 788.527 2.0798
772 264.001 791.97 2.82742
773 261.998 791.999 0.00182085
774 261.998 793.999 0.00181087
775 261.999 795.999 0.00170386
776 262 862.001 4.03395
777 262 862 2.0402
778 262 861.998 0.00178327
779 268 334 3.92895
780 266.002 336.77 2.14037
781 265.888 340.001 2.75861
782 263.998 339.999 0.00208735
783 263.998 341.998 0.00244989
784 264 660 4.12533
785 263.25 660.001 2.11933
786 263.998 660 0.00169687
787 262.643 657.999 4.20879
788 264.002 663.999 0.00197768
789 268.001 666 3.9844
790 268 668 4.00935
791 268 782 4.00935
792 266 784 1.99219
793 266.002 787.951 2.79396
794 263.998 789.998 0.00237018
795 263.999 791.999 0.00130541
796 264 862.001 4.03395
797 262.499 862.001 2.52373
798 263.999 861.998 0.00223384
799 268 864 4.04926
800 269.715 334 4.24235
801 268.001 335.811 2.69937
802 265.999 336 0.00116945
803 265.998 337.998 0.00304992
804 265.999 339.999 0.000890195
805 266 664 6.18795
806 264.833 662.001 2.31238
807 265.998 662.001 0.00189655
808 263.998 663.365 2.09646
809 266.001 665.999 0.001433
810 268.002 667.6 2.02815
811 268.002 670 2.00764
812 270 672 3.92895
813 270.001 778 4.03395
814 270.001 780.983 4.10437
815 268 783.273 2.3876
816 266 786 2.09544
817 265.998 786 0.0023816
818 265.998 787.999 0.00253235
819 265.999 789.999 0.0011687
820 266 862.001 1.9787
821 266 862 0.00039922
822 267.851 861.999 2.69786
823 272 328 4.04926
824 270.002 331.1 2.28171
825 269.41 334.001 2.45438
826 267.998 333.999 0.00234478
827 267.999 335.999 0.00170386
828 268 668.001 4.01287
829 267.998 666 0.00233707
830 267.998 668 0.00173806
831 267.999 669.998 0.00179784
832 268.002 671.999 0.00197768
833 272.001 674 3.9844
834 272 676 4.04926
835 272 772 4.00935
836 272.001 774 3.9844
837 270.002 776.732 2.13519
838 270 779.04 2.2636
839 269.167 782 2.27118
840 267.998 781.999 0.00177286
841 267.998 783.998 0.00244989
842 268 864.001 4.05542
843 267.998 862.001 0.00183134
844 267.842 861.998 2.01303
845 272.001 866 4.03445
846 272 328.601 3.31633
847 272.001 329.41 2.45438
848 269.999 330 0.00123245
849 269.998 331.998 0.00264104
850 269.999 333.999 0.000890195
851 270 672 5.80275
852 268.2 670 2.67926
853 269.998 670.001 0.00189655
854 267.999 671.147 2.17958
855 270.001 673.999 0.000794432
856 272.001 674.181 2.69072
857 272.002 678 1.99155
858 274.001 680 3.9844
859 274 768 4.04926
860 274.001 770.737 4.08032
861 272.002 773.201 2.3336
862 271.462 776 2.45554
863 269.998 776 0.00187567
864 269.998 778 0.00246571
865 269.998 779.999 0.00253235
866 269.999 781.999 0.0011687
867 270 864.002 2.01974
868 263.999 861 6.70908
869 270.731 863.999 2.11234
870 276 322 3.92895
871 274.002 324.79 2.1599
872 274.001 328.001 2.84611
873 271.998 327.998 0.00251702
874 271.999 329.999 0.00130541
875 272 676 6.18795
876 271.999 672.002 0.00180986
877 271.998 674 0.00233707
878 271.997 676 0.00255
879 270 673.999 4.57757
880 272.965 677.999 2.24318
881 274.002 682 2.0076
882 274 684 1.99219
883 276 762 3.92895
884 274 764 1.99219
885 274.002 766.953 2.20264
886 274.001 770.324 3.10962
887 271.998 772 0.00193352
888 271.998 773.998 0.00287945
889 271.999 775.999 0.000890195
890 272 866.001 4.03395
891 270.499 866.001 2.52373
892 271.6 863.998 2.05827
893 278 868 6.05013
894 278 318 4.00935
895 278.001 321.474 4.23926
896 276.001 323.837 2.71834
897 273.999 324 0.00063472
898 273.998 325.998 0.00271605
899 273.999 327.999 0.000890195
900 274 680.001 4.03732
901 271.998 678.338 2.02477
902 271.998 679.905 1.99314
903 271.999 680.829 2.29426
904 274 679.999 4.05542
905 276.002 686 1.99155
906 276.002 688 1.99171
907 276 690 1.99219
908 278 692 4.01203
909 278 756 3.92895
910 278 758 4.04926
911 278.002 761.127 4.14741
912 276 763.263 2.37131
913 274 766 2.06133
914 273.999 766 0.00140184
915 273.998 768 0.00177174
916 273.997 769.998 0.00319233
917 273.999 771.999 0.000890195
918 274 866.001 2.02857
919 273.999 865.999 0.000966018
920 275.8 866 2.68231
921 280 870 5.89338
922 280.001 317.867 4.44678
923 278.002 319.23 2.3336
924 277.52 322 2.55391
925 275.997 321.999 0.00262057
926 275.998 323.999 0.0020536
927 274 324 2.77842
928 276 686.001 5.92299
929 273.999 682.923 2.21089
930 275.998 684.001 0.00191561
931 273.998 685.714 2.01522
932 276 688 0.000598472
933 276 685.999 3.95911
934 278.001 690.999 2.23835
935 278.002 694 1.99155
936 280.001 696 3.9844
937 280.001 698 4.03395
938 280.001 752 4.03395
939 280.001 755.404 4.23926
940 278.001 756.572 2.08706
941 278.001 759.455 2.45438
942 275.998 761.999 0.00185593
943 275.998 763.999 0.00181087
944 275.999 765.999 0.0014334
945 274 766 2.83543
946 276 868 3.94806
947 273.999 866.923 2.21089
948 276.001 867.999 0.00125266
949 278.001 868.889 2.31238
950 282 312 4.04926
951 280.002 314.77 2.14037
952 279.51 318.001 2.52481
953 277.998 318 0.00173806
954 277.998 319.998 0.00328994
955 278 688.001 2.02857
956 276 688 1.99219
957 277.998 690.001 0.00191561
958 277.998 692 0.00212176
959 277.999 693.999 0.0015742
960 278.385 694 2.07635
961 280 696.8 2.3372
962 280.002 700 1.99155
963 280.002 702 1.99171
964 280.002 704 1.99171
965 282 706 4.01203
966 282 744 4.01203
967 282 746 4.04926
968 282.002 748 3.98768
969 280.002 750.751 2.14554
970 280.001 752.982 2.24774
971 278.385 756 2.09713
972 277.999 756 0.00081767
973 277.997 758 0.00255979
974 277.998 759.998 0.00287945
975 277.999 761.999 0.000890195
976 278 868.002 2.00764
977 274.3 866 4.15889
978 278.822 867.999 2.19498
979 282 872 4.01203
980 284 308 3.92895
981 282.002 311.027 2.26091
982 282.001 313.728 2.65342
983 279.999 314 0.00118681
984 279.998 315.999 0.00253235
985 279.999 317.999 0.0011687
986 280 700 10.0226
987 278.923 694 2.23566
988 277.999 695.129 2.32614
989 279.998 696.001 0.00196767
990 279.998 698 0.00245038
991 279.997 700 0.00258033
992 280 702 0.000423183
993 280 703.999 0.00139486
994 282.001 704.999 2.23835
995 282.002 708 1.99155
996 282.002 710 1.99155
997 282 712 1.99219
998 284.001 714 4.03395
999 284.001 716 3.9844
1000 284.001 718 4.03395
1001 284.001 736 4.03395
1002 284 738 3.92895
1003 284.001 740 3.9844
1004 284.001 743.965 4.41442
1005 282.001 744.453 2.06016
1006 282.001 747 2.24633
1007 281 750 2.27273
1008 279.999 750 0.000723127
1009 279.997 751.999 0.00263517
1010 279.998 754 0.00189168
1011 279.998 755.998 0.00244989
1012 280 870 3.94806
1013 278.049 870.001 2.83776
1014 278.148 867.999 2.70279
1015 280.002 871.999 0.00191148
1016 286 204 4.01203
1017 286 206 3.92895
1018 286 302 3.92895
1019 286.001 304 4.03445
1020 284.002 306.526 2.07285
1021 284 309.965 2.79691
1022 281.999 310 0.00114361
1023 281.997 311.999 0.00288306
1024 281.999 313.999 0.00170386
1025 282 702.001 2.02857
1026 281.998 704.001 0.00191561
1027 281.997 706 0.00255
1028 281.999 708 0.00134519
1029 281.999 709.999 0.0015742
1030 282 710 2.0402
1031 284.001 715.3 2.41652
1032 282 715.999 0.000913234
1033 284.001 716.499 2.52373
1034 284.002 720 1.99155
1035 284.002 722 1.99155
1036 284.002 724 1.99155
1037 284.002 726 1.99155
1038 284.002 728 1.99155
1039 284.002 730 1.99155
1040 284.002 732 1.99155
1041 284.002 734.732 2.13519
1042 284 735.6 2.03623
1043 284.001 739.181 2.33831
1044 284 740 1.98138
1045 282 746 3.91057
1046 281.998 744 0.00162506
1047 281.997 746 0.00258033
1048 281.998 748 0.00219666
1049 281.998 749.998 0.00244989
1050 282 872.001 4.03395
1051 281.999 870.002 0.00187055
1052 281.69 869.998 2.01522
1053 286 874 4.04926
1054 284 876 2.00494
1055 288.001 192 3.9844
1056 288.001 194 4.03395
1057 288 196 4.04926
1058 288.001 198 3.9844
1059 288.002 200 3.98128
1060 288.001 203.895 4.41442
1061 286.001 203.704 2.00199
1062 286.001 205.267 2.11933
1063 286.002 208 1.99155
1064 286.002 210 1.99171
1065 288.001 212 4.03395
1066 288.001 216 4.03395
1067 288.001 298 3.9844
1068 286.002 300.526 2.07285
1069 286.001 302.985 2.22578
1070 285.31 306 2.38812
1071 283.998 306 0.00152712
1072 283.998 307.999 0.00264329
1073 283.999 309.999 0.00170386
1074 284 708.001 1.97471
1075 281.999 708 2.02531
1076 281.999 710.923 2.21089
1077 283.998 712 0.00178327
1078 283.998 714 0.00215551
1079 283.998 716 0.00215551
1080 283.998 718 0.00219131
1081 283.997 720 0.00255
1082 283.997 722 0.00255
1083 283.997 724 0.00255
1084 283.997 726 0.00255
1085 283.997 728 0.00255
1086 283.997 730 0.00255
1087 283.997 732 0.00255041
1088 283.997 734 0.00250492
1089 283.998 736 0.00244891
1090 283.997 738 0.00252846
1091 283.998 740 0.00219666
1092 283.998 741.999 0.00195491
1093 283.999 743.999 0.0011687
1094 284 872.002 2.01974
1095 277.998 869.295 6.52588
1096 284.001 873.999 0.00155325
1097 284 876 0.000605629
1098 290 186 3.92895
1099 290.001 188 4.03395
1100 288 192 2.81739
1101 286.001 191.999 0.00100387
1102 288.001 194.34 2.04248
1103 288.001 196.796 2.15294
1104 288.001 199.037 2.23543
1105 288 197.2 3.37243
1106 286 208 5.94222
1107 285.999 204 0.000965928
1108 285.999 206 0.00142099
1109 285.999 208 0.000907856
1110 286 209.999 0.00130308
1111 288 210.695 2.39351
1112 288.002 214.715 2.11801
1113 288 214.695 2.39351
1114 288.002 218 1.99171
1115 290.001 220 3.9844
1116 290.001 222 4.03395
1117 290.001 292 4.03395
1118 288 294 1.99219
1119 288.002 297.359 2.40763
1120 288.001 299.704 2.63874
1121 285.997 302 0.00258033
1122 285.998 303.999 0.00248298
1123 285.999 305.999 0.00130541
1124 286 874.002 1.99155
1125 285.356 871.998 2.09145
1126 290.001 876 3.9844
1127 292 182 3.92895
1128 290.049 186 2.84608
1129 290 186.38 2.03732
1130 290 189.06 2.2636
1131 286.256 192 2.67003
1132 287.998 192 0.00171155
1133 287.997 194 0.00255
1134 287.997 196 0.00255
1135 287.997 198 0.00255203
1136 287.998 199.999 0.0025508
1137 287.998 201.999 0.00181087
1138 287.999 204 0.00123732
1139 286 207.767 2.68231
1140 286 208 1.99219
1141 286 210.684 2.10602
1142 287.998 212 0.00171155
1143 287.999 214 0.00136366
1144 287.998 216 0.0023326
1145 287.999 218 0.00139486
1146 288 219.999 0.000913234
1147 289.8 220 2.68231
1148 290.002 224 1.99467
1149 290.002 226 1.99155
1150 290.002 228 1.99155
1151 292.002 230 3.98128
1152 292 232 4.04926
1153 292 234 4.04926
1154 294 236 5.89338
1155 292 280 4.00935
1156 292 282 4.04926
1157 290.002 284 2.01793
1158 290.002 286 1.99171
1159 290.002 288 1.99171
1160 290.002 290.732 2.13519
1161 290.001 293.35 2.41652
1162 288 294.001 0.000833791
1163 287.998 296 0.00192054
1164 287.997 298 0.00258033
1165 287.998 299.998 0.00304836
1166 288 874.001 2.02857
1167 286 874 1.99219
1168 288 875.998 0.00178327
1169 292.002 878 3.98128
1170 294.001 178 4.03395
1171 293.805 182 4.34567
1172 292.001 182 1.9993
1173 292.001 185.588 2.55359
1174 289.998 186 0.00155388
1175 289.998 187.999 0.00274594
1176 289.999 189.999 0.00133514
1177 289.999 191.999 0.000890195
1178 290 214 4.02462
1179 288 213.81 2.66161
1180 286 209.949 5.72669
1181 290 220 4.01203
1182 288.758 220.001 2.35857
1183 287.998 219.605 2.02972
1184 289.998 222.001 0.00184657
1185 289.998 224 0.00175139
1186 289.998 226 0.00162694
1187 289.999 228 0.00140184
1188 290 229.999 0.0010293
1189 292.001 232 2.00432
1190 292.001 232.973 2.23363
1191 292.001 234.861 2.31238
1192 294 238 3.92895
1193 294 266 4.04926
1194 292 268 1.99219
1195 292 270 1.99219
1196 292 272 1.99219
1197 292 274 1.99219
1198 292.002 276 2.0076
1199 292.002 278.334 2.01946
1200 292.002 280.715 2.11705
1201 292.001 282.649 2.08958
1202 290 284.001 0.000690332
1203 290 286 0.000423183
1204 289.998 288 0.00218355
1205 289.997 290 0.00252846
1206 289.998 291.999 0.00223384
1207 289.998 293.999 0.00182902
1208 289.999 295.999 0.000890195
1209 290 876.002 2.01974
1210 289.998 876 0.00152605
1211 290 877.998 0.00216227
1212 294 880 3.92895
1213 296 174 3.92895
1214 294.001 178.223 3.00805
1215 294.001 178.45 2.07209
1216 293.41 182.001 2.45438
1217 291.999 182 0.00134519
1218 291.997 183.998 0.00319233
1219 291.999 185.999 0.000890195
1220 292 230 8.04916
1221 290 224.905 2.16766
1222 290 226.6 2.10878
1223 290.227 230.001 2.69072
1224 291.997 230 0.00255
1225 291.998 232 0.00173806
1226 291.999 233.999 0.000840054
1227 292.778 233.999 2.15107
1228 294.001 237.327 2.12601
1229 294.002 240 1.99171
1230 294.002 242 1.99171
1231 294.002 244 1.99171
1232 294.002 246 1.99171
1233 294.002 248 1.99171
1234 294.002 250 1.99171
1235 294.002 252 1.99171
1236 294.002 254 1.99171
1237 294.002 256 1.99171
1238 294.002 258 2.0076
1239 294.002 260 2.0076
1240 294.002 262 1.99467
1241 294.002 265.1 2.28171
1242 294 267.546 2.56541
1243 291.999 274.001 0.000889291
1244 291.999 276 0.00124761
1245 291.999 278 0.00134519
1246 291.997 280 0.00255979
1247 291.998 281.999 0.00258257
1248 289.999 284.872 2.21089
1249 291.998 285.998 0.00244989
1250 292 878 4.12533
1251 291.25 878.001 2.11933
1252 291.786 875.999 1.99706
1253 294.001 879.024 2.24646
1254 294 178 6.03689
1255 298 174.722 4.07909
1256 296.001 177.642 2.59386
1257 293.999 178 0.00123245
1258 293.998 179.999 0.00235586
1259 293.999 181.999 0.00170386
1260 294 238.001 8.02401
1261 292.169 234 2.72463
1262 292 234.491 2.05075
1263 293.998 236 0.00218355
1264 293.997 238 0.00252846
1265 293.998 240 0.00215551
1266 293.998 242 0.00152605
1267 293.998 244 0.00215551
1268 293.999 246 0.00123245
1269 293.998 248 0.00152605
1270 293.999 250 0.00123245
1271 293.998 252 0.00152605
1272 293.998 254 0.00215551
1273 293.998 256 0.0021753
1274 293.998 258 0.00244826
1275 293.998 260 0.00244946
1276 293.998 262 0.0023816
1277 293.998 264 0.00217236
1278 293.998 266 0.00189168
1279 293.998 268 0.00174
1280 291.998 270.196 2.02882
1281 292 271.403 2.08251
1282 291.999 274 2.02531
1283 291.999 276 2.02531
1284 291.999 275.999 2.86425
1285 294 878.002 2.01974
1286 289.998 877.549 4.01244
1287 293.839 877.998 2.00142
1288 298.001 882 3.9844
1289 298.001 170 2.02531
1290 298.176 174 2.94451
1291 296 176 1.99678
1292 295.998 175.998 0.00253115
1293 295.999 177.999 0.00130541
1294 296 242 2.01235
1295 294 240.047 2.77842
1296 296 246 2.01685
1297 294 245.367 2.11641
1298 294 248.905 2.16766
1299 294 249.367 2.11641
1300 294 250.047 2.77842
1301 296 880.001 2.02857
1302 294 880 2.03407
1303 296.001 881.998 0.00187444
1304 300.001 884 3.9844
1305 301.039 172.001 5.03749
1306 298 170.001 0.000736668
1307 297.998 173.999 0.00216832
1308 298 176 0.000605629
1309 298 882 3.94806
1310 296.049 882.001 2.83776
1311 293.999 880.08 4.41775
1312 298.679 881.999 2.14448
1313 302 886 3.92895
1314 300 168 2.01685
1315 304 168 3.92886
1316 301.334 172.001 2.38703
1317 299.998 171.998 0.00264104
1318 300 884.001 4.03395
1319 298.695 884 2.39351
1320 298.356 881.999 2.57849
1321 300.002 885.999 0.00165077
1322 304.001 164 2.02531
1323 304.002 167.607 2.55522
1324 301.998 169.999 0.0020536
1325 301.999 171.999 0.000890195
1326 302 886.001 4.03395
1327 301.999 884.001 0.0015398
1328 301.743 883.998 2.0355
1329 306.001 888 3.9844
1330 306 970 4.04926
1331 306 972 4.04926
1332 307.95 166.001 5.65513
1333 304 164.001 0.000991573
1334 304 166 0.000423183
1335 303.999 167.998 0.00248298
1336 304 886.002 1.9948
1337 299.998 885.613 4.00086
1338 304.001 887.998 0.00183134
1339 308 890 4.04926
1340 307.801 970.001 4.29383
1341 306.001 970 2.00432
1342 306.001 969.837 2.91678
1343 306 162.001 2.00001
1344 306 162 0.000460581
1345 308.001 165.964 2.77878
1346 305.999 165.999 0.00121476
1347 304 166 2.85231
1348 306 888.002 2.00764
1349 294 880.285 14.2837
1350 306.001 889.999 0.0016773
1351 310 892 3.92895
1352 312.001 964 6.07481
1353 308.002 967.855 2.7345
1354 305.999 970 0.000701159
1355 305.998 971.998 0.00328994
1356 310.002 161.227 2.33842
1357 310 162.379 2.02066
1358 307.999 163.999 0.00121476
1359 307.999 165.999 0.0011687
1360 308 890 4.12533
1361 307.999 888.002 0.00185252
1362 306.034 888 2.78431
1363 308.002 891.999 0.00180986
1364 312 894 3.92895
1365 312.002 964.255 4.56093
1366 309.763 966.001 2.67952
1367 307.998 967.999 0.00175742
1368 307.998 969.998 0.00266646
1369 316 154 6.05013
1370 312.002 156 2.00764
1371 311.917 160 2.775
1372 309.999 161.998 0.00168487
1373 309.999 163.999 0.00130541
1374 310 892 4.12533
1375 309.999 890.002 0.00180986
1376 309.321 889.999 2.10526
1377 312 893.2 2.16418
1378 314.001 958 4.03395
1379 312.173 962.002 2.97164
1380 309.999 965.998 0.00196785
1381 308 966 2.85231
1382 316 155.077 5.10123
1383 314.001 157.408 3.93305
1384 311.998 159.999 0.00208735
1385 310 160 2.81739
1386 312 894.001 4.05542
1387 310 892.491 2.05075
1388 312 893.998 0.00215551
1389 316.002 896 3.98128
1390 316 898 4.04926
1391 316 954 4.04926
1392 314.002 956.732 2.13519
1393 314.001 959.737 2.65774
1394 311.998 963.999 0.00234478
1395 311.999 965.999 0.00170386
1396 318 144 3.92895
1397 318.001 146 4.03395
1398 318.002 148 3.98128
1399 316.002 151.04 2.26091
1400 316.001 152.854 2.15982
1401 316.001 155.037 2.23543
1402 311.999 156 2.02003
1403 311.998 156.59 2.44032
1404 312 158.047 2.77842
1405 314 894.002 2.01974
1406 313.998 894 0.00215551
1407 314 895.999 0.000965928
1408 316.001 896.181 2.69072
1409 318.001 900 3.9844
1410 318.001 950 4.03395
1411 316.002 953.001 2.23752
1412 316.001 955.91 2.78686
1413 313.999 958 0.00081767
1414 313.997 960 0.00258033
1415 313.998 961.998 0.00264104
1416 312 962.095 2.77842
1417 320 138 4.01203
1418 320 140 4.04926
1419 318.002 142.513 2.07285
1420 320.001 144.76 4.07463
1421 318 147.62 2.57076
1422 315.998 152 0.00162506
1423 315.997 153.998 0.0030248
1424 315.999 155.999 0.00130541
1425 316 898.001 4.01287
1426 315.998 896 0.00233707
1427 313.999 897.174 2.17294
1428 316.75 897.999 2.16232
1429 320.001 902 3.9844
1430 320 904 4.01203
1431 320 946 4.04926
1432 320.002 949.691 4.3309
1433 318.001 951.888 2.75861
1434 315.999 954 0.00134903
1435 315.998 955.999 0.00214314
1436 314 956.035 2.81739
1437 322.002 134 3.98128
1438 320.002 136.644 2.09351
1439 320.001 138.472 2.06016
1440 320.001 141.842 2.72946
1441 317.999 142 0.000773476
1442 317.998 146 0.00244946
1443 317.998 148 0.0023816
1444 317.998 149.999 0.00253235
1445 315.999 149.999 2.83766
1446 318 900 4.12533
1447 317.999 898.002 0.00185252
1448 316 899.298 2.13433
1449 318.001 901.999 0.00108331
1450 320.001 902.999 2.23835
1451 322.001 906 4.03395
1452 322 942 3.92895
1453 320.851 946.001 3.4584
1454 320.001 947.455 2.45438
1455 320 949.846 2.81292
1456 317.998 950 0.00163667
1457 317.998 951.999 0.00264329
1458 315.999 952.666 2.40951
1459 316 954 2.83543
1460 324.001 128 4.03445
1461 324.002 130 3.98128
1462 322.002 133.764 2.6748
1463 321.077 136 2.26834
1464 319.999 136 0.000823974
1465 319.999 138 0.00124761
1466 319.997 139.999 0.00267789
1467 318 142.491 2.05075
1468 317.998 142.012 2.81668
1469 320 904 6.18795
1470 319.25 902.001 2.11933
1471 319.998 902 0.00233707
1472 317.999 902.07 2.77543
1473 320.002 905.999 0.00178277
1474 322.002 908 1.99171
1475 324 910 4.04926
1476 324.001 941.404 4.23926
1477 322.001 943.181 2.33831
1478 322.001 945.927 2.80758
1479 319.999 946 0.00081767
1480 319.998 947.998 0.00267372
1481 319.999 949.999 0.00130541
1482 326.001 124 3.9844
1483 324.002 127.356 2.42166
1484 324 129.188 2.34033
1485 324 131.462 2.4768
1486 321.999 132 0.000720011
1487 321.999 133.999 0.00133065
1488 321.998 135.999 0.00181087
1489 320.024 135.999 2.82846
1490 322 906.001 3.86907
1491 321.999 904.002 0.00182027
1492 319.998 905.75 2.02189
1493 321.999 907.999 0.00155652
1494 322.001 909.999 0.00153473
1495 326.001 912 4.01287
1496 326 932 3.92895
1497 328 934 6.05013
1498 324 936 1.99219
1499 324.002 939.335 2.40763
1500 324.001 941.927 2.73037
1501 321.998 943.999 0.00182085
1502 321.998 945.999 0.00216832
1503 320 946 2.83543
1504 328 114 4.04926
1505 328.001 116 3.9844
1506 328.001 118 3.9844
1507 326.002 120 2.0076
1508 326.002 123.353 2.40763
1509 326.001 125.445 2.45387
1510 323.999 126 0.00063472
1511 323.999 128 0.00134519
1512 323.997 129.999 0.00267789
1513 323.998 131.999 0.00181087
1514 322.024 131.999 2.82846
1515 324 912 6.05013
1516 323.999 908.001 0.0015398
1517 323.998 910 0.00153558
1518 324 911.998 0.00233707
1519 326.002 914 1.99155
1520 328.001 916 4.03395
1521 328.001 926 4.03395
1522 328.001 928 3.9844
1523 326.002 930.477 2.05133
1524 326.001 932.318 2.02252
1525 326 935.131 2.30838
1526 324 938 2.06133
1527 324 938 0.000394486
1528 323.998 940 0.00167408
1529 323.998 941.999 0.00248298
1530 322 942 2.85231
1531 328 102 1.96451
1532 328.002 104 1.99155
1533 328.002 106 1.99155
1534 328.002 108 1.99155
1535 328.002 110 1.99155
1536 328.002 112.941 2.20264
1537 328.001 114.784 2.15294
1538 328.001 116 1.98527
1539 328 120.044 2.88562
1540 326 122 0.000394486
1541 326 123.999 0.000907856
1542 326 124 2.00453
1543 324.024 125.999 2.82846
1544 330 130 3.92895
1545 330 132 3.92895
1546 326 912 4.12533
1547 325.322 912.002 2.13829
1548 325.997 912 0.00255
1549 322 909.091 6.28863
1550 326.002 915.999 0.00178277
1551 328.002 918 1.99467
1552 330.002 920 3.98128
1553 328.002 922 2.0076
1554 328.002 924.732 2.13519
1555 328.001 926.982 2.24774
1556 327.923 930 2.83496
1557 325.999 930 0.00134519
1558 325.998 932 0.00173806
1559 326 933.999 0.000606392
1560 328 937.218 2.37014
1561 325.998 937.999 0.00212188
1562 324 938 2.85231
1563 328 104 3.97615
1564 327.999 102.002 0.00202106
1565 327.999 104 0.00081767
1566 328 106 0.000394486
1567 328 114 0.000394486
1568 327.999 116 0.000823974
1569 327.998 118 0.00244946
1570 327.999 120 0.000675004
1571 325.999 122 2.02003
1572 326 123.45 2.07618
1573 328 124 2.00086
1574 330.001 129.052 2.28503
1575 330.001 130 2.00837
1576 330.001 131.349 2.10394
1577 330 134 1.99219
1578 332.001 136 4.03395
1579 328 916 3.94806
1580 327.999 914.001 0.0017314
1581 325.998 915.95 2.00858
1582 327.999 918 0.000675004
1583 327.999 922 0.000718123
1584 327.998 926 0.00162758
1585 327.998 927.999 0.00228115
1586 327.999 930 0.00126284
1587 329.63 934.001 2.54563
1588 325.998 934.348 2.60272
1589 328 938 0.000605629
1590 330 110.001 8.00345
1591 328 104.483 2.05075
1592 327.998 106.155 1.99792
1593 327.998 108.105 2.01041
1594 327.998 109.9 2.01007
1595 327.998 111.855 2.01303
1596 327.998 113.612 2.02972
1597 328 114.008 2.81739
1598 330 120 2.00086
1599 328 119.07 2.19883
1600 325.999 120.733 4.23295
1601 328.841 126 2.29587
1602 325.999 124.789 4.16494
1603 329.999 128.001 0.000938793
1604 329.999 130.001 0.00137292
1605 329.998 131.999 0.00208735
1606 329.622 131.999 2.04237
1607 332 134.8 2.3372
1608 332.002 138 1.99171
1609 332 140 1.96451
1610 334 142 4.04926
1611 330 920.001 4.05542
1612 328 918.702 2.10602
1613 327.998 919.473 2.07205
1614 328 922.491 2.05075
1615 327.998 922.872 2.29427
1616 328 925.333 2.11641
1617 328 926.095 2.77842
1618 332 932.457 3.18021
1619 329.998 933.998 0.00287945
1620 332 130 4.00935
1621 330 128.929 2.21533
1622 330 130 1.96451
1623 330.645 134.001 2.39218
1624 331.998 134.001 0.00179864
1625 329.998 135.762 2.02189
1626 331.998 137.998 0.00215816
1627 331.999 140.001 0.000852789
1628 332.001 141.999 0.00180585
1629 336 144 4.04926
1630 334 146 1.99219
1631 336 148 3.92895
1632 333.5 932.001 4.31483
1633 333.9 932 2.86011
1634 331.998 931.998 0.00246398
1635 331.999 933.999 0.000890195
1636 334 138 2.01235
1637 332 136.047 2.77842
1638 334 142 2.00175
1639 331.998 140.951 2.25167
1640 336 145.591 2.56541
1641 333.999 145.999 0.00122254
1642 336.001 147 2.24646
1643 336 150 1.96451
1644 336.1 928 2.9173
1645 336.001 929.837 2.71834
1646 333.999 929.998 0.00179784
1647 333.999 931.999 0.000890195
1648 336 144.002 1.9948
1649 333.998 143.274 2.12086
1650 335.999 146.001 0.00138379
1651 334.926 145.999 2.28433
1652 335.999 149.999 0.000890195
1653 338.1 926 2.9173
1654 337.808 928.002 2.67535
1655 335.999 927.999 0.00109172
1656 335.998 929.998 0.00244989
1657 338 148.001 2.00001
1658 335.999 145.974 2.86425
1659 340 150 1.99219
1660 342 152 4.04926
1661 338 926 4.12533
1662 340.001 925.868 2.71877
1663 338 925.999 0.000594008
1664 337.998 927.998 0.00244989
1665 340 150 1.99219
1666 336 148.055 4.45137
1667 340.001 151.999 0.00153473
1668 344 154 3.92895
1669 341.777 924.002 2.6748
1670 339.999 924 0.000887515
1671 339.998 925.998 0.00287945
1672 342 152 4.02462
1673 341.999 150.002 0.00165077
1674 339.998 150.59 2.44032
1675 342.001 153.999 0.00126986
1676 344 156 1.99219
1677 344.002 921.668 2.60774
1678 342 921.999 0.0007067
1679 341.998 923.999 0.00182902
1680 340 924.095 2.77842
1681 344 154 1.99219
1682 343.998 154 0.00173233
1683 342.807 151.999 4.16494
1684 346.001 158 2.00645
1685 345.478 920.002 2.47684
1686 343.999 920 0.00081767
1687 343.997 921.997 0.00360624
1688 346 156.001 2.00001
1689 346.001 156 0.000649211
1690 345.111 154 4.12435
1691 346.969 918.002 2.22104
1692 345.998 919.998 0.00244989
1693 348 156 1.99219
1694 347.998 155.999 0.0020536
1695 348.001 157.999 0.00140491
1696 352 160 3.92895
1697 350.601 916 3.31633
1698 350.001 918.001 2.85665
1699 347.999 917.998 0.00235586
1700 350 158.002 1.9948
1701 347.999 155.999 2.8402
1702 350.002 159.999 0.00180986
1703 352 162 1.96451
1704 352 914.667 3.31633
1705 352.001 915.455 2.45438
1706 349.999 915.999 0.00155652
1707 349.999 917.999 0.00170386
1708 352 160 4.02462
1709 351.999 158.002 0.00180986
1710 351.315 158 2.12324
1711 352 160 2.01235
1712 354 912.857 3.48691
1713 353.964 914.001 2.7932
1714 351.999 913.998 0.00182085
1715 351.999 915.999 0.00130541
1716 354 160 1.99219
1717 353.999 159.999 0.00155969
1718 355.854 160 2.72642
1719 357.9 910 4.45443
1720 355.84 912.002 2.74346
1721 353.999 911.999 0.0015742
1722 353.998 913.998 0.00244989
1723 356 162 4.02462
1724 354 161.81 2.66161
1725 356 161.999 0.00120481
1726 360 904 3.92895
1727 358.002 906.953 2.20264
1728 358.001 909.728 2.65342
1729 355.998 909.999 0.00209699
1730 355.999 911.999 0.00170386
1731 359.064 162.001 2.25649
1732 358.001 161.999 0.00153473
1733 360.1 904 2.9173
1734 359.614 906.002 2.59529
1735 357.999 906 0.00134519
1736 357.997 907.998 0.00319233
1737 357.999 909.999 0.000890195
1738 360 162 4.02462
1739 359.16 162 2.16418
1740 359.998 161.998 0.00304836
1741 362.1 902 2.9173
1742 362.001 903.787 2.67239
1743 360 903.999 0.00104063
1744 359.999 905.999 0.00170386
1745 364 160 2.01685
1746 366 162 4.04926
1747 362 902 4.12533
1748 364.001 901.868 2.71877
1749 361.999 901.999 0.000840054
1750 361.998 903.998 0.00244989
1751 364 162.001 4.03395
1752 363.999 160 0.000965105
1753 364 161.999 0.0012587
1754 368 896 4.04926
1755 366.002 899.907 2.76086
1756 363.999 899.999 0.000910659
1757 363.998 901.998 0.00244989
1758 366 162.001 1.99753
1759 366 161.998 0.00161091
1760 369.551 896.001 4.04726
1761 368.001 898.001 2.83451
1762 365.997 897.999 0.00263517
1763 365.998 899.998 0.00266646
1764 370 158 2.00494
1765 369.064 162.001 2.25649
1766 368.001 161.999 0.0016773
1767 372 890 4.00935
1768 370 894.457 3.18021
1769 369.834 896 2.87621
1770 367.997 895.997 0.00360624
1771 370 162 6.01375
1772 370 158 0.000473162
1773 370.351 162 2.03186
1774 369.998 161.998 0.00335417
1775 370 894 6.01375
1776 372.002 891.201 2.3336
1777 371.462 894 2.45554
1778 369.997 893.997 0.0035416
1779 374.601 160 3.31633
1780 373.8 158 2.68231
1781 376 886 4.01203
1782 374.002 890.002 2.81648
1783 371.998 890 0.00173806
1784 371.998 891.998 0.00328994
1785 377.039 160.001 5.03749
1786 374 160 1.97551
1787 373.999 159.998 0.00191204
1788 378.001 885.474 4.25862
1789 376.001 888.001 2.8544
1790 373.997 887.998 0.00307788
1791 373.999 889.999 0.0011687
1792 376 158.001 4.03395
1793 376.001 158 0.000598046
1794 375.999 159.999 0.00130541
1795 380 880 3.92895
1796 378.002 884.002 2.83922
1797 375.998 885.997 0.00319233
1798 380 155.053 2.25734
1799 378.68 158.001 2.11997
1800 377.999 157.998 0.00195491
1801 380.1 880 2.9173
1802 380 881.965 2.79691
1803 377.999 882 0.00112153
1804 377.998 883.998 0.00239974
1805 377.999 885.999 0.000890195
1806 380 154 1.99219
1807 380 153.999 0.00052752
1808 380 156 0.000471784
1809 379.999 157.999 0.0011687
1810 384.001 877.404 4.23926
1811 382.001 879.843 2.69937
1812 379.998 879.999 0.00209699
1813 379.999 881.999 0.00133514
1814 378 882.095 2.77842
1815 382.948 154 2.20726
1816 381.999 153.999 0.000966018
1817 383.8 154 2.68231
1818 384.002 875.579 2.55522
1819 383.616 878 2.61681
1820 381.997 877.998 0.00319233
1821 381.999 879.999 0.000890195
1822 384 156 6.0176
1823 386.001 152.568 2.05912
1824 385.943 156 2.79382
1825 382 154 2.81739
1826 388.001 870 4.03395
1827 386.002 873.668 2.60774
1828 384 874 0.000475233
1829 383.998 875.998 0.00335417
1830 390 148 4.00935
1831 387.107 152.001 2.29652
1832 385.999 152 0.000723111
1833 385.998 153.998 0.00244989
1834 390 866 4.01203
1835 388.002 868.751 2.14554
1836 387.482 872.001 2.47787
1837 385.998 871.999 0.00190772
1838 385.998 873.998 0.00244989
1839 388 152 6.01375
1840 390.001 149.187 2.31461
1841 386 152.667 3.35416
1842 388 151.998 0.00161091
1843 390.143 866 2.90028
1844 390.001 867.93 2.77142
1845 387.998 868 0.00155304
1846 387.998 869.999 0.00253235
1847 387.999 871.999 0.0011687
1848 390 148 1.99219
1849 389.999 147.999 0.00136793
1850 392.001 150.667 2.08055
1851 389.999 151.999 0.00133514
1852 394.002 863.691 4.3309
1853 391.964 866.001 2.7932
1854 389.998 865.998 0.00251702
1855 389.999 867.999 0.00130541
1856 394 146.719 2.1196
1857 393.723 150.001 2.63843
1858 391.055 147.999 2.22622
1859 391.999 151.999 0.000890195
1860 396 858 4.00935
1861 394.002 861.752 2.6748
1862 392 864 2.15464
1863 391.997 863.998 0.00319233
1864 391.999 865.999 0.000890195
1865 398.001 148.001 5.63488
1866 393.999 146 0.000825552
1867 394.001 148 0.000690332
1868 393.999 149.999 0.00170386
1869 398 228 3.92895
1870 398.001 230 4.03395
1871 398.001 232 3.9844
1872 398.001 857.867 4.44678
1873 395.727 860 2.63921
1874 393.998 860 0.00155304
1875 393.998 861.998 0.00304836
1876 398.001 140 2.02531
1877 398 144 2.81739
1878 396 143.999 0.000913234
1879 397.334 148.001 2.38703
1880 394.382 145.999 2.56882
1881 400 214 4.04926
1882 400 216 4.04926
1883 398.002 218 1.99171
1884 398.002 220 1.99171
1885 398.002 222 1.99155
1886 398.002 224 1.99155
1887 398.002 226.489 2.05133
1888 398 228.333 2.03186
1889 398 231.06 2.2636
1890 396 231.998 0.00178327
1891 398.002 234 2.0076
1892 398 236 1.99219
1893 400 238 4.00935
1894 400 852 4.01203
1895 400.002 855.691 4.3309
1896 398.001 858.001 2.85665
1897 395.999 857.999 0.00155652
1898 395.999 859.999 0.00130541
1899 400.127 142.001 4.51153
1900 398 140.001 0.000598046
1901 398 144 1.98138
1902 397.998 144 0.00158364
1903 396 144.508 2.49358
1904 398 148 0.000605629
1905 402.001 206 3.9844
1906 400.002 208 2.00764
1907 400 210 1.99219
1908 400.002 212.941 2.20264
1909 400.001 214 2.00432
1910 399.097 218.001 2.29957
1911 398 218 0.000423183
1912 397.998 220 0.00219131
1913 397.997 222 0.00255
1914 397.997 224 0.00255
1915 397.997 226 0.00255622
1916 397.998 228 0.00237299
1917 397.998 230 0.00246571
1918 397.998 232 0.0021753
1919 395.998 233.412 2.09167
1920 397.999 235.999 0.00153478
1921 398.002 238 0.00216454
1922 400.002 240 2.00764
1923 402.001 242 3.9844
1924 400.143 852 2.90028
1925 400.001 853.572 2.54872
1926 397.999 855.999 0.00155652
1927 397.999 857.999 0.00170386
1928 400 142 6.03689
1929 402 138.38 2.03732
1930 400 142.001 2.00217
1931 400 141.999 0.00110287
1932 399.999 143.999 0.000890195
1933 404.001 202 4.03395
1934 402.002 205.359 2.40763
1935 402.001 207.445 2.45387
1936 400 207.999 0.000594008
1937 400 212.001 1.98527
1938 399.997 212 0.00255
1939 399.997 213.999 0.00267789
1940 399.998 216 0.00173233
1941 399.998 217.998 0.00244989
1942 400 238.001 4.03395
1943 399.999 236.002 0.00187055
1944 397.999 237.762 2.01282
1945 399.999 239.999 0.000840054
1946 400.491 240 2.05075
1947 402.002 244 2.00764
1948 403.801 850 4.28897
1949 401.964 852.001 2.7932
1950 399.999 852 0.00136366
1951 399.998 853.999 0.00271681
1952 399.999 855.999 0.00130541
1953 408 132 5.89338
1954 406.002 134 3.98768
1955 404.015 138.001 2.83497
1956 402 137.999 0.00125128
1957 404.001 141.964 2.77878
1958 401.998 141.998 0.00244989
1959 406 196 4.00935
1960 406 198 4.04926
1961 404.002 200.77 2.14037
1962 403.495 204 2.50032
1963 401.999 204 0.00134519
1964 401.997 206 0.00255979
1965 401.998 207.999 0.00240098
1966 400 208 2.81739
1967 402 244 8.04916
1968 400.833 240.001 2.31238
1969 400 240.491 2.05075
1970 401.998 242 0.00216227
1971 399.999 239.89 4.57628
1972 404.002 246 1.99171
1973 404.002 248 1.99171
1974 406 250 3.92895
1975 406 844 4.04926
1976 404.537 848.001 3.23828
1977 403.077 850 2.32106
1978 401.998 849.999 0.00234478
1979 401.999 851.999 0.00170386
1980 404 138 8.04916
1981 406.001 133.465 2.47218
1982 406 136 2.78119
1983 403.998 137.999 0.00185593
1984 402 138 2.81739
1985 406 194.491 2.05214
1986 406 198.04 2.87954
1987 404.895 200 2.20912
1988 403.998 200 0.00175566
1989 403.998 201.999 0.00235586
1990 403.999 203.999 0.00170386
1991 404 246.001 3.99865
1992 403.999 244.001 0.00153473
1993 403.998 246 0.00215551
1994 404 247.998 0.00158364
1995 406.001 249.349 2.10394
1996 406.001 844.052 2.86425
1997 406.001 845.455 2.45438
1998 403.998 847.998 0.00264104
1999 403.999 849.999 0.000890195
2000 410 126 3.92895
2001 408.002 128 1.99171
2002 407.027 132.002 2.26091
2003 405.998 134 0.0017357
2004 405.998 135.998 0.00287945
2005 405.999 137.999 0.000890195
2006 412 190 6.01375
2007 407.369 194 2.42661
2008 406 193.999 0.00052752
2009 406 198 1.97551
2010 405.998 197.999 0.0020536
2011 405.999 199.999 0.000890195
2012 406 250.001 3.9844
2013 405.998 248.001 0.00191561
2014 403.999 247.347 3.32324
2015 408.002 252 1.99467
2016 410 254 4.04926
2017 410 838 4.04926
2018 408.002 841.001 2.23752
2019 407.41 844.001 2.45438
2020 405.997 844 0.00255979
2021 405.998 845.998 0.00328994
2022 410.025 126 2.81225
2023 410.001 127.787 2.67239
2024 408 127.999 0.000950703
2025 409.828 132.001 2.71101
2026 407.998 131.998 0.00317403
2027 406 132 2.83543
2028 412.286 190 4.76426
2029 410 192.04 2.87954
2030 409.943 194 2.79382
2031 408 193.999 0.00052752
2032 406.024 193.999 2.82846
2033 408 252 4.02462
2034 407.999 250.002 0.00185252
2035 406 250.666 2.41153
2036 408.001 253.999 0.00164602
2037 412 256 4.04926
2038 410.851 838.001 3.4584
2039 410.001 839.952 2.81186
2040 407.998 840 0.00155304
2041 407.998 841.998 0.00304836
2042 414 116 3.92895
2043 414 118 3.92895
2044 414.002 120 3.98128
2045 412.002 122.585 2.07488
2046 412.001 125.821 2.71834
2047 409.998 128 0.0017357
2048 407.998 127.998 2.83922
2049 412.001 187.539 2.55138
2050 412 190 2.90128
2051 412.001 191.13 2.29957
2052 409.999 192 0.00110287
2053 409.998 193.998 0.00244989
2054 410 254 4.02462
2055 409.999 252.002 0.00180986
2056 407.999 252.678 2.38184
2057 411.115 253.999 2.29708
2058 414 258 4.04926
2059 414 832 4.04926
2060 412.002 835.437 2.47007
2061 411.167 838 2.27118
2062 409.998 837.998 0.00222637
2063 409.999 839.999 0.00130541
2064 414.025 116 2.81225
2065 414.001 116 1.9993
2066 414.24 120 2.99189
2067 412 122 0.000548389
2068 411.998 124 0.00190699
2069 411.998 125.998 0.00276219
2070 410 126 2.83543
2071 413.52 186.001 2.5195
2072 413.097 190.001 2.29957
2073 411.998 189.998 0.00264104
2074 411.999 191.999 0.000890195
2075 412 256 4.02462
2076 411.999 254.001 0.00140491
2077 409.998 255.274 2.12086
2078 412.001 257.999 0.00164602
2079 414 260 1.99219
2080 416.001 828 3.9844
2081 414.002 830.953 2.20264
2082 413.948 834 2.79198
2083 411.999 834 0.00118681
2084 411.998 835.999 0.00253235
2085 411.999 837.999 0.0011687
2086 414 116 3.97615
2087 415.906 116.001 2.75353
2088 413.999 116 0.000847708
2089 413.998 119.999 0.0025508
2090 413.998 121.999 0.0020536
2091 412 122.024 2.77842
2092 416 183.053 2.25734
2093 413.999 186.001 0.000780578
2094 413.999 187.998 0.00191204
2095 414 258.002 2.00764
2096 412 257.174 2.17145
2097 414 258 1.99219
2098 418.001 262 3.9844
2099 418 824 4.04926
2100 416.002 827.335 2.40763
2101 416.001 829.927 2.80758
2102 413.999 830 0.000847708
2103 413.998 831.999 0.00258257
2104 413.999 833.999 0.00170386
2105 420 106 4.01203
2106 420.001 108 3.9844
2107 418.002 110 1.99171
2108 417.995 114.001 2.82873
2109 415.999 113.999 0.000910659
2110 413.999 117.084 2.28108
2111 414.005 115.999 2.82935
2112 416.491 182 2.05214
2113 415.999 181.999 0.00136793
2114 416 184 0.000406918
2115 418 187 2.22836
2116 414 186 2.85231
2117 416 260.001 4.03395
2118 414 259.8 2.68231
2119 415.998 260 0.00173233
2120 416 261.998 0.00178327
2121 422 264 5.89338
2122 420 820 4.01203
2123 418.851 824.001 3.4584
2124 417.955 826.001 2.78686
2125 415.999 826 0.00081767
2126 415.997 827.999 0.00267789
2127 415.998 829.998 0.00244989
2128 422 100 3.92895
2129 422.001 102 3.9844
2130 420.002 104.644 2.09351
2131 420.001 107.063 2.28014
2132 420.001 109.019 2.23543
2133 418 110 0.000514575
2134 417.998 111.999 0.00251212
2135 417.998 113.999 0.00226551
2136 416 114.024 2.77842
2137 418 184 6.01375
2138 416 180.929 2.21533
2139 420 185.8 4.23325
2140 420 184 2.03407
2141 415.999 183.974 2.86425
2142 418 262.002 1.99171
2143 416.76 260 2.3571
2144 418.952 262 2.16766
2145 422.001 819.965 4.41442
2146 420.001 821.072 2.28014
2147 419.462 824 2.45554
2148 417.997 823.999 0.00262057
2149 417.998 825.998 0.00244989
2150 424 94 4.04926
2151 424.001 96 4.03445
2152 422.002 98.4946 2.05133
2153 422.001 101.189 2.33831
2154 422.001 103.982 2.80758
2155 419.999 104 0.00081767
2156 419.999 106 0.000980836
2157 419.997 107.999 0.00267789
2158 419.998 109.998 0.00244989
2159 422.002 180.846 2.16664
2160 422.001 183.964 2.77878
2161 419.998 183.998 0.00244989
2162 420 262.001 2.02531
2163 419.999 262 0.00123732
2164 420.002 263.999 0.00178277
2165 422.002 266 2.01793
2166 424 812 3.92895
2167 424.002 814 3.98768
2168 422.002 817.335 2.40763
2169 421.077 820 2.32106
2170 419.998 820 0.00213351
2171 419.998 821.998 0.00328994
2172 426 86 4.04926
2173 426.001 88 3.9844
2174 426.001 90 3.9844
2175 424.002 92.9415 2.20264
2176 424.001 94.5457 2.07656
2177 423.985 98.0009 2.82001
2178 421.999 98 0.000818946
2179 421.999 100 0.00130028
2180 421.997 101.999 0.00267789
2181 421.998 104 0.00174
2182 420.019 103.999 2.82496
2183 422.851 180.001 2.18071
2184 422 180 0.000598472
2185 421.998 181.998 0.00244989
2186 422 264.002 2.0076
2187 414 261.1 8.52435
2188 421.058 261.999 4.14173
2189 426.001 268 4.03395
2190 425.9 812 4.45443
2191 424.001 813.334 2.38886
2192 422.818 816 2.13682
2193 421.997 816 0.00258033
2194 421.998 817.998 0.00276219
2195 422 820 0.000605629
2196 428 78 3.92895
2197 428 80 4.04926
2198 428.002 82 3.98768
2199 426.002 84.9415 2.20264
2200 426.001 86.7844 2.15294
2201 426.001 88 1.98527
2202 425.047 92 2.25568
2203 424 92 0.000394486
2204 423.999 94 0.00134519
2205 423.997 95.9992 0.00267789
2206 423.999 97.9995 0.00122254
2207 422.024 97.999 2.82846
2208 426.001 178.223 3.00805
2209 426.001 179.964 2.77878
2210 423.998 179.998 0.00244989
2211 424 266.001 2.02531
2212 422 265.28 2.16607
2213 424.002 267.999 0.00178277
2214 428 270 4.04926
2215 428 806 4.01203
2216 426.002 809.128 2.28171
2217 425.41 812.001 2.45438
2218 423.998 812 0.00196063
2219 423.998 813.998 0.00304836
2220 430.002 77.1696 4.14741
2221 428.001 78.5957 2.08706
2222 428.001 81.0117 2.24633
2223 428 83.9773 2.79974
2224 425.999 84 0.00081767
2225 425.997 86 0.00255
2226 425.997 87.9996 0.00258033
2227 425.998 90 0.00215551
2228 425.998 91.999 0.00235586
2229 424.024 91.999 2.82846
2230 426 98.0004 1.98843
2231 424 96.0237 2.77842
2232 430.001 175.895 4.41442
2233 428.001 177.341 2.39668
2234 425.998 177.998 0.00244989
2235 426 268 4.00935
2236 426 266.002 0.00206492
2237 421.999 265.949 4.50059
2238 426.001 269.999 0.00153473
2239 430.001 805.474 4.25862
2240 428.001 807.572 2.54872
2241 426 808 0.000423183
2242 425.998 809.998 0.00264104
2243 425.999 811.999 0.000890195
2244 432 72 3.92895
2245 430.002 75.8633 2.73696
2246 430 78.0003 2.81292
2247 427.998 80 0.00162694
2248 427.997 81.9992 0.00267789
2249 427.998 83.9983 0.00244989
2250 428 176.001 3.9844
2251 430.001 175.037 2.23543
2252 427.998 175.998 0.00264104
2253 428 270.002 1.99171
2254 427.605 267.998 2.02972
2255 432 800 3.92895
2256 430.002 803.811 2.69581
2257 427.997 805.999 0.00267789
2258 427.998 807.998 0.00244989
2259 433.76 72.0004 4.29401
2260 432.001 73.8208 2.71834
2261 429.999 74.0002 0.00063472
2262 429.998 75.9998 0.00213351
2263 429.998 77.9986 0.00271681
2264 428.016 77.9995 2.82881
2265 431.222 174 2.3504
2266 429.998 173.998 0.00271605
2267 429.999 175.999 0.000890195
2268 430 270 1.99219
2269 429.998 269.998 0.00244989
2270 432.002 272 1.99155
2271 434 796 4.01203
2272 432.002 798.564 2.07488
2273 431.97 802.002 2.83956
2274 429.999 802 0.00136366
2275 429.998 803.998 0.00328994
2276 434.888 70.001 3.50271
2277 434.001 71.9325 2.78686
2278 431.999 71.9992 0.00109172
2279 431.998 73.9987 0.00216832
2280 430 73.9996 2.83543
2281 433.165 172.001 2.31755
2282 432 171.999 0.00100787
2283 431.999 173.999 0.000890195
2284 432 272.002 1.99155
2285 430.737 269.998 2.36238
2286 434.002 274 2.00764
2287 436.001 795.965 4.41442
2288 434.001 797.661 2.59386
2289 432 798 0.000548389
2290 431.997 799.999 0.00282137
2291 431.999 801.999 0.00170386
2292 438 64 3.92895
2293 436.002 67.4201 2.45931
2294 435.57 70 2.54311
2295 433.999 69.9992 0.0015742
2296 433.998 71.9983 0.00244989
2297 440 166 6.01375
2298 436.601 170 3.31633
2299 436.001 170.45 2.07209
2300 433.999 171.999 0.00170386
2301 434 274.001 4.03395
2302 434 272.001 0.00143366
2303 433.5 271.998 2.07205
2304 438 276 4.00935
2305 438 790 4.04926
2306 436.002 793.401 2.45931
2307 435.167 796 2.27118
2308 433.998 795.999 0.00214314
2309 433.998 797.998 0.00244989
2310 438.037 64.0003 2.82916
2311 438.001 65.8902 2.75353
2312 435.998 67.9988 0.00264329
2313 435.999 69.9988 0.00170386
2314 436 170 6.01375
2315 439.374 168.001 3.9022
2316 438.001 169.676 2.6053
2317 435.998 169.998 0.00304836
2318 436 274 3.92895
2319 434.833 274.001 2.31238
2320 435.999 273.999 0.00153478
2321 436.001 276 0.000886819
2322 440 786 4.04926
2323 438.002 789.053 2.26091
2324 438.001 791.952 2.81186
2325 435.998 792 0.00155304
2326 435.998 793.998 0.00276219
2327 436 796 0.000605629
2328 442.001 62.7506 4.88233
2329 439.591 64.0013 2.5585
2330 437.998 65.9977 0.00328994
2331 440 167.801 4.28897
2332 439.436 168 2.45126
2333 437.998 167.998 0.00328994
2334 438 276.001 4.03395
2335 436 274.6 2.10878
2336 438 275.999 0.00120481
2337 442 782 3.92895
2338 440.002 785.053 2.26091
2339 440.001 787.637 2.60959
2340 437.999 788 0.000606392
2341 437.998 789.998 0.00288448
2342 437.999 791.999 0.00130541
2343 442.001 60.2414 3.00805
2344 442 61.6153 2.57076
2345 439.998 63.9977 0.00328994
2346 443.401 164 3.97791
2347 441.334 166.001 2.38703
2348 439.998 165.998 0.00304836
2349 440 276.001 2.02531
2350 440.001 275.999 0.00138379
2351 444.001 781.404 4.23926
2352 442.001 783.837 2.71834
2353 439.999 784 0.00114361
2354 439.998 785.999 0.00227386
2355 439.998 787.998 0.00244989
2356 442 60.0007 3.99385
2357 443.996 60.0006 2.83037
2358 441.998 61.9978 0.00304836
2359 442 164.001 3.99521
2360 444 162.579 2.09986
2361 441.998 163.998 0.00244989
2362 442 276.002 1.9948
2363 441.999 275.998 0.00200457
2364 444.002 278 2.00764
2365 446.001 776 3.9844
2366 444.002 779.335 2.40763
2367 443.462 782 2.45554
2368 441.998 781.999 0.00228115
2369 441.999 783.999 0.0014334
2370 440 784 2.83543
2371 445.77 58.0009 2.66502
2372 443.998 59.9977 0.00328994
2373 448 158 4.01203
2374 446.002 161.988 2.81668
2375 443.998 161.998 0.00304836
2376 444 278 4.04926
2377 443.999 276.001 0.00164602
2378 443.842 275.998 2.01303
2379 448 280 4.00935
2380 448 770 3.92895
2381 446.002 772 1.9948
2382 446.002 775.401 2.45931
2383 444.385 778 2.09713
2384 443.998 778 0.00193352
2385 443.998 779.998 0.00287945
2386 443.999 781.999 0.000890195
2387 448.001 57.6231 4.15098
2388 448 56 1.98892
2389 445.998 57.9978 0.00304836
2390 446 160 4.01203
2391 448.001 159.978 2.80072
2392 445.998 159.998 0.00304836
2393 446 278.002 1.99171
2394 445.999 277.998 0.00212188
2395 446.001 280 0.0013726
2396 450.002 769.127 4.14741
2397 448.001 771.501 2.47218
2398 445.999 772.001 0.000883196
2399 445.998 773.999 0.00251212
2400 445.998 775.999 0.00226551
2401 445.999 777.999 0.000890195
2402 448 56.0009 3.99865
2403 447.456 56.001 2.07653
2404 447.999 55.9975 0.00267789
2405 450 152 2.00494
2406 452 154 4.04926
2407 449.618 158.001 2.57182
2408 447.998 157.998 0.00276219
2409 448 280.001 4.03395
2410 448 278.001 0.00086088
2411 447.825 278 2.00098
2412 452 762 4.00935
2413 452 764 4.04926
2414 450.002 767.752 2.6748
2415 447.998 769.999 0.00258257
2416 447.999 771.999 0.0014334
2417 450 56.0007 3.99385
2418 452 55.9754 2.79941
2419 449.998 55.9983 0.00244989
2420 450 156 6.01375
2421 450 152.001 0.000886819
2422 452.001 154.796 2.15294
2423 449.998 155.999 0.00216832
2424 450 158 0.000605629
2425 450 280 3.92895
2426 450.645 280.001 2.08225
2427 450 279.998 0.00157762
2428 454.001 761.867 4.44678
2429 452 762.788 2.14898
2430 451.851 766.001 2.7445
2431 449.998 766 0.00246571
2432 449.998 767.998 0.00304836
2433 450 772 2.00494
2434 448 770 2.83543
2435 452 54.0003 2.00086
2436 452 53.9983 0.00178327
2437 456.001 150 4.03395
2438 453.366 154 2.41996
2439 451.998 153.997 0.0030248
2440 452 280.001 4.03395
2441 449.777 280.001 2.98062
2442 452 279.998 0.00173233
2443 456.001 282 4.03395
2444 456.001 756 4.03395
2445 454.002 758.751 2.14554
2446 454.001 761.888 2.75861
2447 451.999 762 0.00124942
2448 451.998 763.998 0.00328994
2449 454 54.0001 2.00034
2450 454 53.9978 0.00217236
2451 460 146 5.89338
2452 456.001 150.223 3.00805
2453 456.001 151.964 2.77878
2454 453.999 151.999 0.000966018
2455 453.999 153.999 0.00130541
2456 454 280 1.99219
2457 452 278.2 2.65422
2458 454.001 281.999 0.0015398
2459 458 752 4.04926
2460 456.002 754.846 2.16664
2461 455.6 758 2.57076
2462 453.999 758 0.00124761
2463 453.997 759.999 0.00288306
2464 453.999 761.999 0.00170386
2465 456 54.0013 2.00234
2466 456 53.9981 0.00189168
2467 462 56 6.05013
2468 460 147.905 5.5569
2469 458.001 149.114 2.29804
2470 455.999 149.999 0.000966018
2471 455.999 151.999 0.00170386
2472 456 282 4.01203
2473 456 280.001 0.00134363
2474 455.605 279.998 2.02972
2475 458 748 1.99219
2476 458.002 750.953 2.20264
2477 458.001 753.73 2.6053
2478 456 754 0.000423183
2479 455.998 755.999 0.00235586
2480 455.999 757.999 0.00170386
2481 458 54.0003 2.00086
2482 457.999 53.9992 0.00121476
2483 458.001 55.9991 0.0015398
2484 462.001 143.439 4.23926
2485 460 144.333 2.03186
2486 459.6 148 2.57076
2487 457.998 147.998 0.00222637
2488 457.999 149.999 0.00130541
2489 458 282 3.92895
2490 458.333 282.001 2.04011
2491 458 281.998 0.00173233
2492 462 742 4.04926
2493 460.002 744 1.9948
2494 460.002 747.401 2.45931
2495 458 748.001 0.000833791
2496 457.999 750 0.00136366
2497 457.998 751.999 0.00240098
2498 457.998 753.998 0.00244989
2499 460 56.0007 3.99385
2500 459.999 54.0013 0.00156508
2501 460 55.9978 0.00216227
2502 464 58 3.92895
2503 464 138 4.04926
2504 462 142 2.81739
2505 462.001 143.556 2.52027
2506 459.998 144 0.0023816
2507 459.998 145.999 0.00253235
2508 459.999 147.999 0.0011687
2509 460 282 4.01203
2510 459.6 282 2.0257
2511 460 281.998 0.00173233
2512 464 284 3.92895
2513 462.002 738 1.99171
2514 462.002 741.053 2.26091
2515 462.001 743.19 2.32472
2516 460 744.001 0.000583257
2517 459.998 745.999 0.00260131
2518 459.998 748 0.00161091
2519 459.999 749.999 0.00170386
2520 462 56.0012 2.00066
2521 461.998 55.9983 0.00239974
2522 462.001 57.9994 0.00113104
2523 464.001 138.026 2.86425
2524 464 139.591 2.56541
2525 460 143.177 3.75203
2526 461.997 141.997 0.00360624
2527 462 282 3.92895
2528 460.833 282.001 2.31238
2529 461.999 281.999 0.00122254
2530 464.001 282.645 2.39218
2531 466 730 4.00935
2532 466.001 732 3.9844
2533 464.002 734 1.99467
2534 464.002 737.974 2.81668
2535 461.999 738 0.000610726
2536 461.998 740 0.00169687
2537 461.998 741.999 0.00240098
2538 461.998 743.998 0.00244989
2539 464 58.0006 4.0007
2540 464.651 58.0007 2.09899
2541 463.533 55.9994 2.05551
2542 468.001 132 4.03395
2543 467.597 136.001 4.09912
2544 466.001 137.023 2.24633
2545 463.999 137.999 0.00142858
2546 463.999 139.999 0.00170386
2547 464 284 4.04926
2548 464 282 0.000460581
2549 463.529 281.998 2.07162
2550 468.001 728.983 4.10437
2551 466 731.273 2.3876
2552 465.9 734 2.86011
2553 463.998 734 0.00175566
2554 463.998 735.999 0.00223384
2555 463.998 737.999 0.00182902
2556 462 738.095 2.77842
2557 466 58 3.9998
2558 465.999 56.0003 0.000965105
2559 466.001 57.9988 0.0017314
2560 469.801 132 4.28897
2561 468.001 133.529 2.52481
2562 467.539 136 2.4768
2563 465.997 135.998 0.00319233
2564 465.999 137.999 0.000890195
2565 466 284.001 4.03395
2566 461.999 283.2 4.21756
2567 466.001 283.999 0.00131524
2568 468 724 1.99219
2569 468.002 727.335 2.40763
2570 466 730 1.95525
2571 465.998 730 0.00182288
2572 465.998 731.998 0.00287945
2573 465.999 733.999 0.000890195
2574 468 58.0009 2.00025
2575 466.978 55.9991 2.24344
2576 472.002 60 3.98128
2577 472 126 4.04926
2578 470.002 129.607 2.55522
2579 469.037 132.001 2.23543
2580 467.998 132 0.00192323
2581 467.998 133.998 0.00346237
2582 468 284 1.99219
2583 468 283.998 0.00174
2584 472 716 4.00935
2585 472 718 3.92895
2586 470.002 720 1.9948
2587 470.001 724.873 3.54702
2588 467.999 724.001 0.000973068
2589 467.999 725.999 0.0015742
2590 467.998 727.999 0.0020536
2591 467.999 729.999 0.000890195
2592 470 60.0009 3.99865
2593 469.999 58.0009 0.00153473
2594 470 59.9978 0.00216227
2595 474.001 62 3.9844
2596 474.001 122 4.03395
2597 472.001 126.026 2.86425
2598 472.001 127.69 2.6053
2599 470 128 0.000423183
2600 469.998 129.998 0.00264104
2601 469.999 131.999 0.000890195
2602 470 284.002 2.01793
2603 470 283.998 0.00157762
2604 476 286 6.05013
2605 474.001 712 4.03395
2606 474.001 714.983 4.10437
2607 472.002 716.172 1.99698
2608 472.001 719.501 2.47218
2609 470 719.999 0.000697674
2610 472 722 2.03407
2611 467.999 724 2.02531
2612 469.999 725.999 0.00170386
2613 472 60.0012 2.00066
2614 467.999 58.9735 4.1416
2615 472.493 59.9997 2.05967
2616 476 64 3.92895
2617 474 124.322 4.76426
2618 474.001 122.349 2.04248
2619 472 126.001 2.00079
2620 471.998 125.999 0.00179784
2621 471.998 127.998 0.00244989
2622 472 284 1.99219
2623 471.999 283.999 0.000966018
2624 473.8 284 2.68231
2625 476 704 4.04926
2626 474.002 706 1.99171
2627 474.002 708 2.0076
2628 474.002 710.715 2.11801
2629 474 713.04 2.2636
2630 472 716 2.06133
2631 471.999 716 0.00136366
2632 471.998 717.999 0.00179784
2633 470 720 1.99219
2634 470 720.035 2.81739
2635 474 62.0001 2.00034
2636 468.319 57.9991 6.92494
2637 474.002 63.9994 0.00180986
2638 478.001 116 4.03395
2639 476.002 118.369 2.04138
2640 475.899 122 2.76255
2641 473.998 121.999 0.00211103
2642 473.999 123.999 0.00133514
2643 473.999 125.999 0.000890195
2644 474 286 4.04926
2645 471.999 284.872 2.21089
2646 474.001 285.998 0.00183134
2647 478 696 3.92895
2648 478.001 698 3.9844
2649 476.002 700 2.00764
2650 476.002 702.953 2.20264
2651 476.001 705.455 2.45438
2652 474 706 0.000514575
2653 473.998 708 0.00245038
2654 473.997 710 0.00255203
2655 473.998 711.999 0.0025508
2656 473.998 713.999 0.00181087
2657 473.999 715.999 0.00133514
2658 472 716.095 2.77842
2659 476.551 64.0012 2.07257
2660 476 63.9977 0.00232634
2661 478.002 66 2.00764
2662 478 116.881 3.48691
2663 478.001 117.737 2.65774
2664 475.999 118 0.00140856
2665 475.998 119.998 0.00237366
2666 475.999 121.999 0.00130541
2667 476 286.002 2.00764
2668 476 285.998 0.00232634
2669 480 692 4.04926
2670 478.002 694.527 2.0798
2671 478.001 697.144 2.30547
2672 478.001 699.482 2.45387
2673 475.999 700 0.00063472
2674 475.999 702 0.00081767
2675 475.998 703.999 0.00182085
2676 475.998 705.998 0.00244989
2677 478 64.0006 4.0007
2678 477.244 64.0014 2.1338
2679 477.998 64 0.00232634
2680 477.843 63.9988 2.00603
2681 482.002 68 3.98768
2682 482 70 3.92895
2683 482 106 4.01203
2684 482.001 108 3.9844
2685 482.001 110 4.03445
2686 480.002 112.519 2.07285
2687 479.303 116.001 2.38886
2688 477.998 115.998 0.00251702
2689 477.999 118 0.000968632
2690 476 118.024 2.77842
2691 478 286.002 2.00764
2692 478 285.998 0.0023326
2693 482 686 4.01203
2694 482 688 4.04926
2695 480.002 691.128 2.28171
2696 479.223 694.001 2.38901
2697 477.999 694 0.00063472
2698 477.998 696 0.00172361
2699 477.997 697.999 0.00267789
2700 476 700 1.99219
2701 476 701.088 2.19883
2702 476 702 2.85231
2703 480 66.0015 1.99818
2704 476 65.1249 4.13462
2705 480.001 67.9987 0.00137633
2706 482.001 69.3408 2.10394
2707 482.002 72 2.0076
2708 484.001 74 3.9844
2709 484 96 4.04926
2710 482.002 100 2.0076
2711 482.002 102 1.99155
2712 482.002 104.644 2.09351
2713 482.001 107.063 2.28014
2714 482.001 107.611 2.0244
2715 480.348 112 2.03854
2716 479.998 111.999 0.00162572
2717 479.998 113.999 0.00226551
2718 479.999 115.999 0.000890195
2719 480 286.002 1.99171
2720 480 285.998 0.00219666
2721 488.001 288 8.06722
2722 482.002 684.737 2.13052
2723 482.001 686.546 2.05912
2724 482.001 689.73 2.6053
2725 479.999 690 0.00126169
2726 479.998 692 0.00189168
2727 479.998 693.999 0.00195491
2728 478.071 694 2.73598
2729 482 70.0005 6.00028
2730 480.8 68.0004 2.3372
2731 481.998 68.0001 0.00245038
2732 481.997 69.9999 0.00255203
2733 481.999 71.9993 0.00143483
2734 482.493 71.9997 2.05967
2735 484.002 76 2.00346
2736 484.002 78 2.0076
2737 484.002 80 1.99171
2738 484.002 82 2.01793
2739 486 84 4.04926
2740 486 86 4.04926
2741 486 88 4.04926
2742 484 90 1.99219
2743 484.002 92 2.00346
2744 484.002 94.9885 2.23752
2745 484 92.409 4.12229
2746 483.77 100.001 2.66502
2747 481.998 100 0.00162506
2748 481.998 102 0.00192054
2749 481.997 104 0.00255
2750 481.997 106 0.00255
2751 481.997 107.999 0.00267789
2752 481.998 109.999 0.00191204
2753 481.999 111.999 0.00130541
2754 482 286 1.99219
2755 482 285.999 0.000809267
2756 482.6 286 2.10878
2757 486.002 678 3.98768
2758 484.002 680 2.0076
2759 483.87 684.002 2.73696
2760 481.999 684 0.00113446
2761 481.999 686 0.00134005
2762 481.998 687.999 0.00271681
2763 481.999 689.999 0.00130541
2764 484 76.0007 5.99769
2765 481.999 73.6031 2.57986
2766 483.998 74.0004 0.00218355
2767 483.997 75.9999 0.00250492
2768 483.998 77.9997 0.00246571
2769 483.999 79.9994 0.00136482
2770 484 81.9996 0.000515274
2771 486.001 84 2.00432
2772 486.001 86 1.9883
2773 485.971 90.0004 2.83485
2774 483.999 90.0008 0.00111841
2775 483.997 91.9999 0.00250492
2776 483.998 93.9994 0.00251212
2777 483.998 96.0003 0.00190471
2778 481.998 96.7734 2.33989
2779 483.999 99.9998 0.000849536
2780 482 100.024 2.77842
2781 484 286 1.99219
2782 483.999 285.999 0.000966018
2783 484.872 285.999 2.21089
2784 486.002 677.633 2.58423
2785 485 680 2.27273
2786 483.998 680 0.00155304
2787 483.998 681.999 0.00235586
2788 483.999 684 0.00126284
2789 482.071 684 2.73598
2790 486 84.0005 6.00028
2791 484 80.6168 2.10878
2792 485.999 82.0013 0.00155325
2793 483.998 83.9225 1.99314
2794 485.998 85.9993 0.0025508
2795 485.998 87.9992 0.00191204
2796 485.999 89.9991 0.00130541
2797 486 288.001 4.03395
2798 486 286.001 0.00086088
2799 486 287.998 0.00178327
2800 490 670 4.04926
2801 488.002 672 1.99467
2802 487.501 676.002 2.50314
2803 485.999 676 0.00113446
2804 485.998 677.999 0.00248298
2805 485.999 679.999 0.00130541
2806 488 82.0004 2.00494
2807 484 77.9997 5.67017
2808 488 288 3.92895
2809 488.4 288 2.03732
2810 488 287.998 0.00219666
2811 490.002 669.128 2.28171
2812 488.895 672 2.20912
2813 487.998 671.999 0.00185593
2814 487.999 673.999 0.000966018
2815 487.999 675.999 0.00170386
2816 490 288.001 4.03395
2817 490 288.001 1.96494
2818 490 287.998 0.00173233
2819 494 664 3.92895
2820 492.002 667.844 2.73696
2821 490 668 0.000598472
2822 489.999 669.999 0.00136793
2823 488 672.952 2.16766
2824 488 672 2.85231
2825 492 288.001 4.03395
2826 491.259 288.001 2.09027
2827 492.001 287.998 0.00191561
2828 496 656 3.92895
2829 496 658 4.01203
2830 494.002 660 1.99171
2831 494.002 662.564 2.07488
2832 493.465 666.001 2.47218
2833 491.999 665.999 0.00126912
2834 491.999 667.999 0.00153478
2835 494 288 3.92895
2836 493.333 288.001 2.10394
2837 494 287.997 0.00255979
2838 496 290 1.96451
2839 494 660 6.18795
2840 496.001 656.191 2.00975
2841 496.001 660.001 2.80072
2842 494 660 0.000423183
2843 493.998 662 0.00217236
2844 493.998 663.999 0.00200457
2845 493.999 665.999 0.0014334
2846 492 666 2.83543
2847 496 288.002 2.00764
2848 495.999 287.998 0.00179784
2849 495.333 288 2.06257
2850 500 650 4.04926
2851 500.001 652 3.9844
2852 497.692 656.002 2.60774
2853 495.998 656 0.00196063
2854 495.998 658 0.00177835
2855 495.998 659.998 0.00244989
2856 498 288 1.99219
2857 498 287.999 0.00130409
2858 501.572 288 4.15229
2859 502 644 3.92895
2860 502.001 646 4.03395
2861 500.002 648.953 2.20264
2862 500.001 650.818 2.15294
2863 500 653.474 2.51617
2864 497.999 653.998 0.00179796
2865 497.999 656 0.000660843
2866 496 656 2.83543
2867 500 288 1.99219
2868 500 287.999 0.00052752
2869 498.717 287.999 2.40951
2870 504 638 3.92895
2871 504 640 4.04926
2872 502.002 642.5 2.07285
2873 502 644.351 2.03186
2874 501.482 648.001 2.47787
2875 499.999 648 0.00081767
2876 499.997 650 0.00255979
2877 499.998 651.999 0.00258257
2878 499.999 653.999 0.00170386
2879 502 288 1.99219
2880 502.001 287.999 0.00153923
2881 500 288 2.83543
2882 505 638 3.6612
2883 504.001 638.643 2.09813
2884 502.85 642.001 2.21384
2885 501.999 642 0.000720011
2886 501.998 644 0.0023816
2887 501.998 646 0.00219666
2888 501.998 647.998 0.00244989
2889 504.715 288.002 2.11801
2890 504 287.997 0.00255979
2891 508.001 632 4.03395
2892 506.002 634.846 2.16664
2893 505.174 638 2.30838
2894 503.999 637.999 0.00152382
2895 503.998 640 0.00173233
2896 503.998 641.998 0.00244989
2897 506 288.001 4.03395
2898 505.565 288 2.04294
2899 505.999 287.998 0.00240098
2900 510 626 4.00935
2901 510 628 4.04926
2902 508.002 630.969 2.22104
2903 508.001 634.001 2.85665
2904 505.999 634 0.00104063
2905 505.999 635.999 0.00136793
2906 505.999 637.999 0.00130541
2907 508 288 3.92895
2908 506.833 288.001 2.31238
2909 508.001 287.998 0.00191561
2910 512.001 625.867 4.44678
2911 510 626.912 2.17785
2912 510.001 629.19 2.32472
2913 507.999 630 0.000732271
2914 507.998 631.999 0.00235586
2915 507.999 633.999 0.00133514
2916 506 634.095 2.77842
2917 510.501 288.002 2.05133
2918 510 287.997 0.00258033
2919 514 618 4.02714
2920 514 620 3.99865
2921 512.002 622.715 2.11801
2922 510.45 626.001 2.07209
2923 509.999 626 0.000965928
2924 509.998 627.999 0.00258257
2925 509.999 629.999 0.00170386
2926 512 288 3.92895
2927 512.4 288 2.03732
2928 512 287.998 0.00216227
2929 516.001 614 4.03395
2930 514.002 616.5 2.07285
2931 514.001 618.643 2.09813
2932 513.455 622.001 2.45438
2933 511.997 621.999 0.00288306
2934 511.999 624 0.00120481
2935 511.999 625.999 0.00170386
2936 514 288.001 4.03395
2937 515.131 288 2.30838
2938 513.999 287.998 0.00240098
2939 520 608 6.18795
2940 518 610 4.12533
2941 516.002 612.858 2.19712
2942 514.4 616 2.03339
2943 513.998 616 0.00162645
2944 513.998 618 0.0023326
2945 513.998 619.998 0.00304836
2946 516 286 1.99219
2947 516 287.998 0.00173233
2948 520 610 5.83466
2949 520 608 4.01569
2950 518.001 611.787 2.67239
2951 515.998 611.999 0.00235586
2952 515.999 614 0.00126284
2953 515.999 615.999 0.0011687
2954 518 286 1.99219
2955 517.999 286 0.000809267
2956 518 287.998 0.00173233
2957 522 602 4.12533
2958 520.002 604.477 2.05133
2959 520 607.44 2.46844
2960 520 610 2.75279
2961 517.998 609.998 0.00328994
2962 520 288.001 4.03395
2963 520.741 288.001 2.08055
2964 520 287.998 0.00173233
2965 524.001 598 3.86907
2966 522.002 600.5 2.07285
2967 521.356 604.002 2.42788
2968 519.998 604 0.00196063
2969 519.998 606 0.0017357
2970 519.998 607.998 0.00328994
2971 522 288 4.04926
2972 520.823 288 2.30608
2973 522 287.998 0.00173233
2974 526.001 594 4.03395
2975 524.143 598 2.90028
2976 522.445 600.001 2.02185
2977 521.998 599.999 0.00251212
2978 521.999 601.999 0.00177626
2979 521.999 604 0.000660843
2980 520 604 2.83543
2981 524 288.001 4.03395
2982 524.741 288.001 2.08055
2983 524 287.998 0.00173233
2984 528 588 4.00935
2985 528.001 590 4.05542
2986 526.002 592.77 2.14037
2987 526.001 594 2.02003
2988 526 596.769 2.16024
2989 524 597.999 0.00126284
2990 524 602 2.0627
2991 522 600 2.9173
2992 526 288 4.04926
2993 524.823 288 2.30608
2994 526.001 287.998 0.00183134
2995 530.001 587 4.17753
2996 528.001 589.501 2.53438
2997 528 592 2.86011
2998 525.998 592 0.0023816
2999 525.998 594 0.00219666
3000 525.998 595.999 0.00195491
3001 525.999 597.999 0.0011687
3002 528 288.001 4.03395
3003 526.695 288 2.39351
3004 528 287.998 0.00232634
3005 532.001 580 4.03395
3006 530.001 582 2.02857
3007 530.002 585.335 2.40763
3008 530 587.077 2.32106
3009 527.999 588 0.000965928
3010 527.998 589.998 0.00328994
3011 530 288.002 2.00764
3012 530 287.998 0.00232953
3013 534.001 574 3.86907
3014 534.001 576 4.05542
3015 532.002 578.77 2.14037
3016 532 581.04 2.2636
3017 530 582.001 0.000833791
3018 529.998 584 0.00192054
3019 529.997 585.999 0.00288306
3020 529.999 587.999 0.00170386
3021 532 288.002 2.0076
3022 531.999 287.998 0.0025508
3023 538.001 290 5.92299
3024 536 568 4.12533
3025 534.001 570 2.02857
3026 534.001 573.001 2.24756
3027 534.001 575.364 2.39668
3028 534 578 2.86011
3029 531.998 578 0.00237299
3030 531.998 579.999 0.00260131
3031 531.998 581.999 0.00182902
3032 531.999 583.999 0.000890195
3033 534 288 1.99219
3034 534 287.999 0.00052752
3035 534.616 287.999 2.11588
3036 538.001 564 3.86907
3037 538 568 4.45443
3038 536 569.241 2.33007
3039 533.999 572 0.00118127
3040 533.998 574 0.0017357
3041 533.998 575.998 0.00328994
3042 536 288 1.99219
3043 535.998 288 0.00174
3044 536.001 289.998 0.00167514
3045 540 560 4.12533
3046 538.002 562.737 2.13052
3047 538.001 564.546 2.05912
3048 534.947 570.001 4.14158
3049 535.998 567.999 0.00185593
3050 535.998 569.999 0.0020536
3051 535.999 572 0.000660843
3052 534 572 2.83543
3053 538 290.002 1.99171
3054 537.774 287.998 2.00725
3055 542.001 292 4.05542
3056 544 554 5.80275
3057 540.001 556 2.02857
3058 542.001 559.429 4.31483
3059 539.787 562.001 2.67239
3060 537.999 562 0.000618083
3061 537.999 563.999 0.00155652
3062 537.999 566 0.000968632
3063 537.999 567.999 0.000890195
3064 540 290.002 1.9948
3065 539.999 290 0.00126531
3066 540.001 291.998 0.00191561
3067 546 294 6.18795
3068 544.001 555.734 5.41385
3069 540.8 556 2.14525
3070 539.999 556 0.000809267
3071 540 560 1.98138
3072 539.998 560 0.00158364
3073 539.998 561.999 0.00181087
3074 537.999 561.999 2.79268
3075 542 292 3.92895
3076 541.365 292.001 2.10394
3077 540.284 289.999 2.6202
3078 542.001 293.999 0.00126986
3079 544.667 552 3.31633
3080 544.001 552.37 2.00451
3081 544 553.375 2.03076
3082 540 557.734 2.68231
3083 539.999 556.714 2.40476
3084 541.999 559.999 0.000890195
3085 544 294.001 4.03395
3086 544 292.001 0.00086088
3087 544.001 293.998 0.00184657
3088 548 296 4.12533
3089 548 540 4.00935
3090 548 542 3.94806
3091 546.002 544 2.01974
3092 546.001 546 1.9787
3093 546.002 548.953 2.20264
3094 544 552.001 2.00432
3095 543.999 552 0.00140184
3096 543.998 553.998 0.00304836
3097 546 294 3.92895
3098 545.298 294 2.13039
3099 545.998 293.998 0.00246398
3100 546.002 295.999 0.00202106
3101 550.001 298 4.03395
3102 550.001 539.867 4.44678
3103 548 540.788 2.14898
3104 547.125 544 2.22673
3105 545.999 543.999 0.00136482
3106 546 546.001 0.00104632
3107 545.997 547.999 0.00288306
3108 545.999 550 0.00120481
3109 545.999 551.999 0.00170386
3110 548 296 3.92895
3111 547.999 294.002 0.00202106
3112 546.339 293.999 2.61134
3113 548.002 297.999 0.00178277
3114 552 300 3.94806
3115 550.001 532 2.02857
3116 550.002 534 2.01974
3117 550.002 536.77 2.14037
3118 550 540 2.82779
3119 547.999 539.999 0.00143483
3120 547.998 541.999 0.00191204
3121 546 544.667 2.10878
3122 545.999 543.999 2.79268
3123 550 298 4.04926
3124 549.999 296.001 0.0017314
3125 548 296.36 2.57984
3126 550.001 299.999 0.0017314
3127 552.001 302 2.02857
3128 554.001 524 4.03395
3129 554 526 4.12533
3130 554.001 528 4.03395
3131 552.002 531.601 2.59117
3132 549.999 532 0.000913234
3133 550 534 0.000475233
3134 549.998 536 0.00174397
3135 549.998 537.999 0.00274594
3136 549.999 539.999 0.00170386
3137 552 300.001 4.03395
3138 551.999 298.002 0.00178277
3139 549.998 299.424 2.09167
3140 552 300 1.99219
3141 554.002 304 1.99467
3142 556 306 4.12533
3143 556 516 4.00935
3144 556 518 3.94806
3145 554.002 520 2.01974
3146 554.002 522.858 2.19712
3147 554.001 523.5 2.07653
3148 554.001 526.476 2.01346
3149 554.001 530.001 2.85665
3150 551.999 529.999 0.00155652
3151 548.923 540 8.67977
3152 549.999 532.714 2.40476
3153 550 534 2.9173
3154 554 304.001 3.9844
3155 553.998 302.001 0.00184657
3156 548.666 295.998 9.64645
3157 554.002 305.999 0.00202106
3158 556.002 308 2.01974
3159 558.001 310 4.03395
3160 558 512 4.12533
3161 558.001 514.737 4.08032
3162 556.002 516.743 2.11705
3163 556.001 519.778 2.67734
3164 554 520 0.000423183
3165 553.998 522 0.00152605
3166 553.999 524 0.00126169
3167 553.998 526 0.00190471
3168 553.998 527.999 0.00235586
3169 553.999 529.999 0.00133514
3170 552 530 2.9173
3171 556 306 4.04926
3172 555.999 304.001 0.00180585
3173 553.998 305.69 2.01522
3174 556 307.999 0.00130308
3175 558.001 308.889 2.27085
3176 558.002 312 2.00764
3177 560 314 4.12533
3178 560.001 506 4.05542
3179 558.002 508 2.01974
3180 558.002 510.501 2.05133
3181 558.001 513.868 2.71877
3182 555.998 516 0.00193352
3183 555.999 517.999 0.00152382
3184 555.998 519.999 0.0020536
3185 554 523 2.27601
3186 554 522 2.85231
3187 558 310.001 3.9844
3188 557.998 308.001 0.00191561
3189 555.998 309.833 1.99919
3190 557.999 311.998 0.00203401
3191 558.002 313.999 0.00197768
3192 562.001 316 4.05542
3193 562 318 4.00935
3194 562 498 4.00935
3195 562 500 4.12533
3196 560.002 502 2.01974
3197 560.002 505.426 2.45931
3198 560 508 2.80193
3199 557.999 508 0.0007067
3200 557.998 510 0.00192323
3201 557.998 512 0.00202258
3202 557.997 513.998 0.00319233
3203 556 517 2.27601
3204 556 516 2.85231
3205 560 314 4.04926
3206 559.999 312.001 0.00177207
3207 557.998 313.39 2.09646
3208 560.001 315.999 0.001433
3209 562.002 317.6 2.02815
3210 562.002 320 2.00764
3211 564 322 3.94806
3212 564 494 3.94806
3213 564.001 497 4.17753
3214 562.001 498.25 2.03629
3215 562.001 501.787 2.67239
3216 559.998 504 0.00246571
3217 559.998 505.999 0.00223384
3218 559.998 507.999 0.00182902
3219 558 509.3 2.16567
3220 558 510 2.83543
3221 562 318.001 4.01287
3222 561.998 316 0.00233707
3223 561.998 318 0.00213351
3224 561.999 319.999 0.00158608
3225 563.642 319.999 2.57986
3226 564.002 324 1.99155
3227 564.002 326 2.01974
3228 566.001 328 3.95598
3229 566 330 4.12533
3230 566 486 4.12533
3231 566 488 3.94806
3232 564.002 490 2.01974
3233 564.002 492.976 2.23752
3234 564 495.062 2.22673
3235 564 498 2.80193
3236 561.999 498 0.000610726
3237 561.998 500 0.00170545
3238 561.998 501.998 0.00304836
3239 564 324 8.01815
3240 562.88 320 2.32524
3241 561.999 321.551 2.5154
3242 563.998 322 0.00219131
3243 563.998 324 0.00167408
3244 563.999 325.999 0.00136482
3245 564.001 327.999 0.0012868
3246 566.002 329.322 2.13829
3247 566.002 332 2.0076
3248 568.001 334 4.03395
3249 566.001 482 2.02857
3250 568.001 485.2 4.20579
3251 567.79 488 4.29145
3252 566.001 489.41 2.45438
3253 563.999 490 0.00126674
3254 563.998 492 0.00155304
3255 563.998 494 0.00152605
3256 563.998 495.999 0.00223384
3257 563.998 497.999 0.00182902
3258 562.095 498 2.77842
3259 566 324 2.01685
3260 564 324 2.01685
3261 564.8 328 2.3372
3262 565.998 328 0.00245038
3263 565.999 330 0.000823974
3264 565.999 331.998 0.00168487
3265 568.001 332.889 2.27085
3266 568.002 336 1.99155
3267 568.001 338 2.02857
3268 570.001 340 4.03395
3269 570 470 4.12533
3270 570.001 474 4.05542
3271 568.002 476 1.99155
3272 568.002 478 1.99155
3273 568.002 481.501 2.50314
3274 566 484 1.98138
3275 566 484 0.000514575
3276 566 488.001 1.98527
3277 565.997 487.998 0.0030248
3278 564 490 2.01685
3279 564 491.333 2.11641
3280 564 491.9 2.9173
3281 568 330 1.99219
3282 565.999 330 2.02857
3283 567.998 332.001 0.00191561
3284 567.998 334 0.00192054
3285 567.999 335.999 0.0015742
3286 567.999 337.999 0.000966018
3287 570.001 338.499 2.52373
3288 570.002 342 2.00346
3289 570.002 344 2.01974
3290 572.001 346 3.95598
3291 572 348 3.94806
3292 572 454 3.94806
3293 572 456 3.94806
3294 572 458 3.94806
3295 570.002 460 2.01974
3296 570.002 462 2.01974
3297 570.002 464 2.00346
3298 570.002 466 1.99155
3299 570.002 468.501 2.05133
3300 570.002 469.322 2.13829
3301 570.002 473.426 2.45931
3302 569.037 476.001 2.23543
3303 568 476 0.000394486
3304 567.999 478 0.00100601
3305 567.999 479.999 0.00126912
3306 565.999 483.278 2.39439
3307 567.998 483.999 0.0025508
3308 566.035 484 2.81739
3309 570 336 3.92895
3310 568 335.9 2.79465
3311 567.999 336 1.97471
3312 569.999 338.001 0.00153473
3313 569.998 340 0.00218355
3314 569.997 342 0.00252846
3315 569.999 343.999 0.00136482
3316 570.001 346 0.000690332
3317 572.001 346.227 2.69072
3318 572.002 350 1.99155
3319 572.002 352 1.99155
3320 572.002 354 2.00764
3321 574.001 356 4.05542
3322 574.001 358 4.05542
3323 574.001 360 4.05542
3324 574.001 362 4.05542
3325 574.001 364 4.05542
3326 574 366 3.94806
3327 574 442 4.12533
3328 574.001 444 4.05542
3329 574 446 3.94806
3330 572.002 448 2.00764
3331 572.002 450 2.0076
3332 572.002 452.93 2.20264
3333 572.001 454 2.00432
3334 572.001 456 2.00432
3335 572.001 459.723 2.67734
3336 570 460 0.000423183
3337 569.998 462 0.00218355
3338 569.999 464 0.00130028
3339 569.997 466 0.00255
3340 569.997 468 0.00255
3341 569.997 470 0.00255203
3342 569.998 472 0.00246571
3343 569.998 474 0.00215551
3344 569.998 475.999 0.00223384
3345 567.999 477.538 2.03134
3346 567.999 479.05 2.1883
3347 568 479.9 2.9173
3348 572 348 6.05013
3349 570.499 346.001 2.52373
3350 571.998 346 0.00219131
3351 571.997 348 0.00255
3352 571.998 350 0.00192054
3353 571.999 352 0.00136366
3354 571.999 353.999 0.00126912
3355 574 356 1.98138
3356 574 358 1.98138
3357 574 360 1.98138
3358 574 362 1.98138
3359 574 361.571 3.16653
3360 574 363.562 3.1431
3361 574.002 368 1.99155
3362 574.002 370 2.00346
3363 574.002 372 2.0076
3364 574.002 374 2.01974
3365 574.002 376 2.01974
3366 574.002 378 2.01974
3367 574.002 380 2.01974
3368 574.002 382 2.01974
3369 576.002 384 3.98768
3370 576 386 3.94806
3371 576 388 3.94806
3372 576 390 3.94806
3373 576 392 3.94806
3374 576.001 394 3.95598
3375 574.001 396 2.02857
3376 576 398 3.94806
3377 574.001 400 2.02857
3378 576.001 402 4.03732
3379 574.002 404 2.01974
3380 574.002 406 2.01974
3381 574.002 408 2.01974
3382 574.002 410 2.01974
3383 574.002 412 2.01974
3384 574.002 414 2.01974
3385 574.002 416 1.99155
3386 574.002 418 1.9948
3387 574.002 420 2.01974
3388 574.002 422 2.01974
3389 574.002 424 2.01974
3390 574.002 426 1.99467
3391 574.002 428 2.01974
3392 574.002 430 2.01974
3393 574.002 432 1.99467
3394 574.002 434 2.01974
3395 574.002 436 1.99467
3396 574.002 438 2.01974
3397 574.002 440.526 2.07285
3398 574.002 443.162 2.30133
3399 574 442.583 2.42868
3400 573.73 448.001 2.6053
3401 571.999 448 0.00112814
3402 571.998 450 0.00162506
3403 571.998 452 0.00192054
3404 571.998 454 0.00192054
3405 571.997 456 0.00255979
3406 571.998 457.999 0.00240098
3407 571.998 459.998 0.00244989
3408 572 464.001 2.02531
3409 569.999 462.049 2.79268
3410 574 352 3.92895
3411 572 351.9 2.79465
3412 571.999 352 1.97471
3413 571.999 355.551 2.5154
3414 573.998 356 0.00215551
3415 573.998 358 0.00215551
3416 573.998 360 0.00215551
3417 573.998 362 0.00215551
3418 573.998 364 0.00215551
3419 573.998 366 0.00219131
3420 573.997 368 0.00255041
3421 573.998 370 0.00187567
3422 573.999 372 0.000773476
3423 574 374 0.000423183
3424 574 376 0.000423183
3425 574 378 0.000423183
3426 574 380 0.000423183
3427 574 382 0.000502003
3428 574.001 383.999 0.000883196
3429 576.001 386 2.00432
3430 576.001 388 2.00432
3431 576.001 390 2.03804
3432 576.001 392.546 2.07656
3433 576 394.5 1.99456
3434 574 395.999 0.00052752
3435 576 399.062 2.22673
3436 574 402 1.98138
3437 574 406 0.000423183
3438 573.999 408 0.000950703
3439 574 410 0.000423183
3440 573.999 412 0.000950703
3441 574 414 0.000578536
3442 573.997 415.999 0.00263517
3443 573.999 418 0.000732271
3444 574 420 0.000423183
3445 574 422 0.000423183
3446 573.999 424 0.00125128
3447 573.999 426 0.000675004
3448 574 428 0.000423183
3449 574 430 0.000475233
3450 573.999 432 0.00118681
3451 573.999 434 0.00125128
3452 573.999 436 0.00118681
3453 574 438 0.000514575
3454 573.998 440 0.00152623
3455 573.997 442 0.00250492
3456 573.998 444 0.00246571
3457 573.998 445.999 0.00235586
3458 573.999 448 0.00126284
3459 572 449.571 1.98871
3460 572 452 2.0627
3461 572 451.9 2.9173
3462 576 372 3.92895
3463 574 373.6 4.16123
3464 573.999 372 2.02857
3465 573.999 374 2.02857
3466 573.999 376 2.02857
3467 573.999 378 2.02857
3468 573.999 380 2.02857
3469 573.999 382.822 2.19498
3470 575.998 384 0.00245038
3471 575.997 386 0.00255
3472 575.997 388 0.00255203
3473 575.998 390 0.00245038
3474 575.997 392 0.00258033
3475 575.998 394 0.00177835
3476 575.998 396 0.00178327
3477 573.998 397.6 2.05827
3478 573.999 400.679 2.14448
3479 575.998 402 0.0023326
3480 575.998 404 0.00219666
3481 575.998 405.999 0.00181087
3482 573.999 408.85 2.15566
3483 573.999 409.392 2.12054
3484 573.999 412.85 2.15566
3485 573.999 411.963 2.86884
3486 576 420 4.04926
3487 573.999 418.85 2.15566
3488 573.999 420 2.02857
3489 573.999 421.035 2.23899
3490 574 425.8 2.68231
3491 573.999 426 2.02857
3492 573.999 428 2.02857
3493 573.999 429.392 2.12054
3494 573.999 431.55 2.02793
3495 574 434.6 2.10878
3496 573.999 436.85 2.15566
3497 573.999 437.035 2.23899
3498 574 438 2.85231
3499 578 394 2.00494
3500 576 392 2.83543
