234 236
2974 2987
2948 2960
724 725
2006 2050
1960 2009
1708 1711
1505 1538
2173 2201
2816 2817
2939 2949
1660 1672
2016 2054
2037 2075
572 600
589 619
2673 2700
40 81
104 133
1544 1575
1696 1711
1339 1360
3142 3171
3177 3205
1540 1571
322 334
398 402
87 127
2042 2086
3321 3355
3322 3356
3323 3357
3324 3358
2512 2547
359 375
812 851
1351 1374
2531 2570
3088 3110
1816 1825
2868 2881
1610 1638
834 875
932 956
1334 1347
493 506
1527 1562
509 526
1877 1901
2584 2630
24 52
3263 3282
3045 3071
3291 3348
1544 1622
1936 1966
3239 3260
770 805
3067 3097
3133 3153
2058 2097
1003 1044
2740 2772
3292 3333
3293 3334
3370 3429
3371 3430
3372 3431
1106 1140
3114 3140
1526 1527
3105 3122
25 53
26 54
29 57
31 60
921 1012
1152 1189
1330 1341
1881 1909
2739 2771
744 746
1668 1681
1830 1848
967 1045
1928 1930
1430 1469
776 777
1541 1542
1244 1283
1109 1140
2739 2790
897 927
2839 2842
3060 3074
3422 3464
2674 2702
1479 1503
2682 2729
689 708
1055 1100
1659 1665
1504 1567
28 56
2261 2280
201 220
662 722
1028 1075
1053 1167
3353 3412
3447 3491
3231 3276
1391 1459
1431 1503
2502 2539
1283 1284
3373 3500
1243 1282
2609 2633
3453 3498
86 117
432 442
680 712
1746 1758
581 648
799 842
913 945
2000 2070
2380 2434
2828 2866
1212 1302
1364 1386
3055 3075
3423 3465
3424 3466
3425 3467
3426 3468
3444 3488
3448 3492
27 55
2833 2846
2588 2611
1764 1772
2577 2619
4 25
5 26
8 29
9 30
11 31
1563 1565
1452 1530
3143 3204
33 62
1192 1260
2721 2808
3253 3278
3274 3275
1661 1663
2595 2635
605 638
71 99
2867 2881
1390 1425
3101 3123
1170 1254
855 879
564 593
661 693
698 730
1288 1309
1409 1446
1495 1546
1520 1579
3114 3137
1054 1097
2954 2955
122 146
790 828
1313 1326
1893 1942
1974 2012
2189 2235
2304 2334
2379 2409
3193 3221
2086 2088
660 674
1330 1354
2388 2402
3194 3236
735 765
979 1050
1115 1181
2443 2472
32 61
3033 3034
94 116
1482 1542
1806 1807
2093 2116
914 945
2353 2370
1609 1627
2475 2495
1153 1226
14 34
1434 1459
1118 1162
1643 1652
3285 3311
1956 1984
1747 1749
6 27
3229 3263
3039 3052
23 52
609 610
1694 1701
2405 2421
1876 1900
496 523
858 904
1451 1490
3037 3063
407 430
909 972
1127 1172
1197 1282
2042 2065
2568 2611
12 32
3165 3186
1289 1306
1304 1318
3159 3187
304 317
464 474
624 656
1726 1743
414 416
726 763
2304 2336
40 84
1254 1257
1792 1793
2467 2520
2754 2755
1604 1622
2781 2782
2900 2923
233 254
3243 3260
2984 3009
2244 2278
225 244
2813 2824
3375 3434
1928 1931
1693 1701
1016 1107
2622 2623
1723 1725
1322 1333
1343 1344
1745 1752
2105 2156
13 62
3150 3170
1029 1030
1538 1568
512 542
858 900
2481 2482
1630 1641
2630 2631
296 320
946 948
2742 2774
820 821
3182 3204
2527 2529
1688 1689
2800 2822
421 423
2968 2980
2162 2163
3 23
3200 3220
2150 2204
2853 2866
2412 2447
42 76
73 116
2058 2095
2364 2376
3006 3017
1947 1967
2503 2545
2128 2179
1830 1849
893 976
2604 2667
735 768
2965 2989
1127 1217
1417 1465
191 216
1746 1759
1378 1413
3089 3119
1906 1936
424 430
2024 2048
1901 1902
3071 3072
845 890
1017 1108
784 786
3094 3095
16 36
2856 2857
262 280
503 515
1860 1897
1475 1517
2693 2761
137 157
1894 1950
3144 3183
364 366
3092 3106
2437 2470
2557 2559
723 724
741 742
3212 3255
3403 3460
3116 3153
1681 1682
1892 1920
457 468
477 488
1329 1348
2286 2301
3042 3043
1865 1904
2870 2894
2318 2320
928 933
2197 2247
702 722
267 269
1629 1648
1839 1842
1098 1174
1126 1209
2570 2571
2425 2427
1716 1717
296 321
2015 2033
2879 2880
2738 2770
1152 1225
2117 2119
3267 3286
1882 1940
2871 2895
2971 2973
18 46
699 739
3195 3237
554 568
1786 1787
43 77
1157 1202
1980 1983
872 899
170 198
546 560
859 915
2957 2978
2625 2675
1169 1250
2121 2186
1151 1220
2349 2350
322 336
2577 2620
2647 2698
2649 2700
3057 3070
966 1046
352 353
894 953
790 830
1496 1558
1767 1783
2644 2646
461 463
2489 2491
2992 2994
791 840
2493 2516
777 778
3115 3132
3145 3164
3232 3278
3295 3336
3364 3423
3365 3424
3366 3425
3367 3426
3380 3437
3382 3439
3387 3444
3388 3445
3391 3448
390 405
2735 2764
3141 3154
962 986
736 773
918 919
1531 1564
2009 2010
484 501
1532 1563
411 412
3226 3239
571 585
2415 2434
1053 1124
2214 2253
3392 3449
2435 2436
1063 1106
3128 3166
1751 1753
3368 3427
2586 2609
996 1030
3396 3453
3036 3061
2585 2632
3024 3049
308 310
2830 2839
2929 2952
3090 3120
2565 2567
1193 1278
3384 3441
2669 2726
2741 2795
1552 1611
246 254
239 241
2709 2777
426 436
883 942
425 430
2509 2511
3292 3404
2768 2807
581 650
1100 1132
394 395
3129 3167
418 420
632 634
1364 1388
2582 2583
547 549
2829 2854
445 455
86 119
3474 3500
2907 2909
755 756
7 56
105 143
1 50
835 887
248 260
282 294
905 933
2098 2142
1209 1210
1922 1945
1972 1991
234 237
2166 2218
3160 3201
2736 2807
491 521
2001 2024
301 302
170 199
3179 3199
3023 3053
2449 2450
2819 2844
2903 2915
536 553
2576 2613
1370 1402
2420 2423
3118 3136
532 534
693 695
0 49
1991 1993
3149 3169
495 526
2616 2660
2604 2668
2817 2818
1795 1812
3198 3218
3235 3257
39 68
2801 2824
2977 2991
3374 3475
3064 3065
1545 1605
2017 2062
3221 3223
2677 2679
3158 3174
816 817
3211 3242
3326 3419
160 178
3271 3303
41 96
3013 3040
90 111
518 552
1533 1566
1521 1584
1410 1456
2926 2928
2322 2354
2721 2810
3091 3122
270 285
906 956
963 992
1158 1203
1883 1911
3355 3414
3356 3415
3357 3416
3358 3417
3390 3447
686 688
2337 2368
3386 3443
72 114
2107 2133
2271 2308
2626 2652
908 958
1551 1582
2122 2170
506 507
3329 3457
2381 2398
188 190
127 129
612 614
1044 1091
2919 2944
1065 1142
1546 1548
287 289
202 213
1220 1224
875 878
3348 3351
625 665
247 254
2440 2442
2962 2964
2981 2983
779 826
2459 2497
2492 2537
986 991
528 562
2764 2767
3381 3438
3383 3440
3294 3406
2797 2799
1291 1292
1937 1938
734 748
2729 2732
167 169
1154 1263
523 525
89 131
1198 1283
1553 1583
2513 2535
3085 3087
1116 1184
823 873
2467 2521
1869 1916
3372 3473
3330 3401
315 316
332 333
368 369
378 379
1315 1335
1515 1518
2859 2886
1045 1047
3363 3422
3097 3099
2825 2827
1405 1406
2050 2073
124 141
1698 1707
1896 1927
3248 3284
3327 3455
3320 3354
2740 2794
1260 1264
811 831
2059 2103
2901 2924
1156 1247
3290 3350
995 1075
1057 1134
2172 2225
2268 2269
2542 2580
2388 2404
910 973
1975 2020
2850 2876
1064 1110
359 377
936 989
3266 3311
3319 3412
3370 3471
3269 3341
3371 3472
157 158
503 517
2596 2641
3293 3405
390 406
2140 2161
2099 2148
151 176
1002 1090
1460 1511
964 993
1834 1854
439 441
262 281
2499 2501
667 669
3270 3343
3325 3418
1155 1246
2835 2837
3389 3446
3394 3451
1018 1121
2694 2762
1418 1466
1881 1939
207 208
2987 2999
494 508
478 480
870 925
3210 3224
980 1072
3178 3217
3227 3244
3289 3315
223 224
357 358
1973 1994
338 339
326 327
362 363
373 374
2270 2284
2451 2507
1982 2004
965 1027
2683 2750
274 275
383 384
398 404
38 67
231 232
347 348
2417 2419
1522 1585
171 195
3268 3313
181 205
201 221
998 1078
999 1079
2174 2227
1923 1970
2592 2594
2365 2400
2373 2408
1871 1918
2708 2766
1000 1080
796 798
2860 2887
3228 3262
88 130
3192 3222
3272 3304
3393 3450
3395 3452
2305 2341
282 295
2215 2257
1117 1206
950 1023
2602 2603
2255 2290
3247 3264
704 706
2246 2263
2406 2439
1352 1394
458 460
3130 3168
138 165
1738 1740
1933 1989
3002 3004
2444 2479
2891 2914
1066 1144
604 639
789 829
833 877
1429 1471
3176 3190
2465 2466
3328 3456
2920 2945
3056 3096
2201 2226
1437 1487
539 540
2638 2688
606 646
2897 2899
2314 2317
2297 2348
2936 2938
3297 3338
3231 3277
2707 2733
172 196
1232 1268
1234 1270
1001 1089
1397 1442
1506 1569
937 990
1826 1846
385 386
1870 1917
813 864
2685 2752
1862 1863
2390 2392
2847 2848
2737 2769
1369 1423
2851 2877
2949 2970
161 186
2250 2252
2605 2655
210 229
242 259
17 79
3005 3030
1056 1133
1058 1135
1905 1964
354 356
1331 1355
2413 2448
2357 2372
1474 1493
1067 1164
1150 1187
1114 1145
1781 1797
2940 2961
2841 2855
607 628
938 1009
3378 3479
2758 2786
935 959
2080 2126
2648 2699
1954 2003
2106 2157
2129 2180
2684 2751
1099 1175
1953 2026
1771 1774
2710 2747
1230 1266
1233 1269
1235 1271
3331 3402
537 576
836 888
2532 2572
2359 2361
304 319
1148 1185
2533 2553
123 155
91 112
37 66
1149 1186
1775 1778
290 307
343 344
256 273
761 803
1754 1770
2362 2363
3296 3337
582 599
388 389
2985 3010
3014 3041
3362 3421
1019 1122
708 729
400 401
3011 3012
2691 2692
1608 1626
968 1048
3318 3352
2711 2748
2393 2394
2108 2135
2065 2111
1782 1791
2757 2804
2151 2205
3369 3470
2681 2731
2504 2526
1229 1265
1231 1267
1236 1272
498 500
1237 1273
1159 1204
1884 1912
2719 2720
1240 1276
148 179
1389 1426
1398 1443
1238 1274
1239 1275
2627 2653
2198 2248
3021 3022
2743 2775
19 47
3288 3314
2167 2219
1059 1136
2044 2089
1461 1512
1034 1081
1035 1082
1036 1083
1037 1084
1038 1085
1039 1086
1885 1913
1886 1914
3298 3339
3361 3420
1040 1087
1796 1804
3385 3442
690 711
1567 1597
822 844
243 252
360 367
1441 1468
2177 2206
1955 1980
2196 2264
76 98
2154 2181
2064 2111
2155 2182
1112 1113
548 567
2428 2446
2223 2249
1419 1467
385 393
530 550
2067 2091
2664 2690
2747 2780
2151 2231
2000 2022
2008 2032
2109 2136
2203 2229
1510 1543
1486 1514
1464 1489
2178 2207
2534 2555
2597 2619
409 417
2114 2141
349 354
2503 2523
1650 1658
2773 2796
2273 2291
772 795
585 602
687 706
1329 1362
1021 1073
1004 1093
738 757
1802 1813
2145 2195
2287 2327
3275 3308
2633 2634
1713 1722
2453 2471
1949 1979
627 647
1345 1359
1853 1864
2292 2310
3440 3485
519 539
1382 1401
1986 2009
2029 2052
2124 2149
1539 1570
2039 2063
2324 2342
1578 1637
1270 1300
1265 1295
793 818
328 334
1098 1128
1303 1310
270 276
3337 3409
1332 1359
590 631
1550 1581
555 573
1110 1180
2165 2237
2082 2104
653 673
1975 1996
2030 2053
1631 1666
2543 2562
2315 2332
2277 2296
1844 1855
1449 1472
2697 2728
2101 2127
2760 2789
1478 1502
1500 1529
1556 1586
2607 2658
2995 3008
484 587
1302 1311
1371 1384
2963 2972
2982 2993
1412 1435
1755 1763
762 783
459 467
715 732
2468 2508
2630 2658
3194 3258
2535 2556
1803 1814
1521 1617
1670 1680
2904 2916
1731 1739
1508 1572
1823 1841
3285 3310
1719 1737
2190 2243
1633 1647
2552 2573
3305 3347
3353 3411
2640 2666
736 753
1726 1733
1795 1801
3254 3280
699 717
3460 3461
1653 1661
1741 1747
1535 1594
1644 1655
474 489
2232 2267
1060 1138
1534 1593
2311 2330
1945 1971
408 410
2446 2464
1433 1457
781 804
2484 2505
70 101
1574 1621
341 345
1899 1930
2759 2788
1662 1671
318 325
3181 3202
1748 1757
1872 1927
2910 2935
3102 3136
922 985
2245 2262
3146 3185
2965 2975
534 535
1834 1843
1894 1924
1353 1367
893 1014
822 843
323 331
1455 1481
452 453
1566 1592
2679 2680
1432 1455
2820 2834
682 703
644 666
1811 1821
2377 2378
75 97
391 399
1720 1730
759 760
1645 1656
1285 1287
896 926
2352 2369
1342 1354
1153 1261
2882 2893
2410 2411
2046 2069
1290 1307
2260 2279
856 877
1408 1426
3496 3497
2256 2275
801 827
329 337
1143 1179
1654 1664
108 127
2828 2840
69 83
1171 1259
1195 1280
1340 1368
1379 1416
376 382
479 487
811 852
1948 1999
2560 2601
3447 3490
561 563
1147 1181
2079 2118
1311 1349
150 168
3215 3238
3059 3073
1742 1750
93 115
277 286
2023 2047
597 617
3163 3184
1669 1679
256 263
529 547
1214 1254
2437 2452
2425 2441
2208 2234
732 750
1188 1223
3317 3350
1214 1215
2371 2389
2746 2779
641 658
1109 1139
257 266
1462 1487
1366 1380
1921 1944
2259 2296
2044 2066
615 637
218 219
2343 2356
1861 1875
2414 2432
1473 1492
3214 3236
751 767
1352 1365
1101 1131
1327 1328
3162 3203
598 618
174 187
543 544
1393 1414
2663 2689
505 522
2477 2498
3400 3458
2724 2763
982 1024
745 764
1728 1737
1873 1898
3335 3407
1857 1868
1760 1769
591 611
3064 3077
800 850
2006 2028
657 659
1120 1165
1305 1316
1016 1061
918 977
800 825
2852 2865
1895 1952
2598 2621
1051 1052
3157 3173
643 664
2038 2061
1496 1524
2574 2636
2617 2642
1312 1320
886 916
1677 1687
1827 1838
1888 1916
2489 2490
2485 2506
1199 1245
1411 1458
2288 2309
857 901
3067 3112
422 428
1056 1102
497 543
1946 1968
2639 2690
557 558
1559 1588
2596 2618
2715 2716
1771 1773
2859 2873
580 595
1288 1320
622 640
1256 1293
3110 3125
2339 2355
2784 2804
700 720
1587 1619
172 204
1191 1262
3080 3094
1605 1606
1421 1443
1129 1174
1929 1984
1614 1615
1357 1372
2407 2424
35 65
2344 2358
935 960
1640 1658
1866 1880
909 971
1734 1744
470 482
2383 2384
1321 1337
1567 1596
2714 2751
727 747
1323 1335
565 584
2578 2600
1146 1183
2473 2474
136 148
1171 1216
2461 2480
2486 2508
2721 2809
3423 3463
1632 1633
2927 2928
2509 2510
0 21
1001 1042
810 830
3209 3223
2942 2943
497 511
1103 1105
2329 2345
949 1095
2524 2546
2743 2745
633 648
1173 1219
860 886
1818 1829
438 450
88 109
2240 2258
1925 1951
45 80
2858 2879
3331 3459
2294 2313
3358 3359
415 416
2898 2899
3325 3360
2976 2991
1211 1286
2900 2922
2299 2314
3450 3494
1005 1046
1242 1279
1768 1775
1618 1634
3304 3345
1298 1299
475 476
10 59
140 156
2561 2581
2548 2549
1439 1465
235 245
3148 3167
1523 1557
2958 2980
1467 1468
2071 2093
1563 1591
577 595
1887 1915
952 985
1922 1946
2190 2217
1374 1387
1583 1614
1153 1262
1922 1969
2576 2615
2707 2734
1985 2008
2112 2113
2152 2178
2996 3010
718 740
2802 2815
2397 2416
675 676
3287 3312
3316 3349
20 48
778 797
999 1033
3147 3185
3147 3166
3374 3433
2302 2303
3299 3340
2872 2885
2966 2991
2930 2943
3180 3200
2917 2918
1962 1990
365 372
1878 1903
603 621
2874 2888
520 541
1836 1847
2686 2716
1685 1692
1476 1500
92 113
2863 2878
1788 1805
3397 3454
1020 1071
249 258
2670 2697
681 701
574 592
440 448
2832 2845
1954 1981
862 889
2367 2386
1485 1513
960 987
1976 1998
3482 3483
1997 2021
2651 2676
941 974
1454 1480
2403 2404
1705 1715
2723 2761
3036 3047
2150 2176
3373 3432
2713 2714
635 636
1541 1572
2616 2659
663 684
1935 1965
2959 2970
2060 2084
2045 2091
636 655
2272 2289
2831 2843
3279 3280
1823 1832
3058 3084
670 692
909 940
203 215
291 300
3197 3217
3270 3301
3126 3139
2293 2312
3398 3399
2360 2375
3327 3399
702 721
533 535
847 874
1665 1674
1402 1403
107 128
939 1011
737 775
2351 2386
2196 2221
1196 1281
2306 2326
2382 2400
2678 2680
2494 2518
2331 2332
311 317
2318 2335
3451 3495
2755 2756
1186 1222
385 387
2298 2314
823 846
1779 1786
210 218
290 297
409 410
1554 1616
1697 1706
103 135
260 268
3439 3483
3392 3493
30 58
1227 1261
3191 3207
2123 2147
3034 3035
2737 2791
3081 3096
556 576
139 155
2007 2031
1268 1297
1270 1299
3027 3041
2438 2455
788 808
3075 3076
605 623
465 473
1119 1164
1934 1964
485 500
650 668
735 787
2870 2883
2919 2931
2967 2979
2130 2155
2712 2749
1438 1464
1460 1483
1577 1623
2530 2548
2426 2427
1161 1207
434 439
1156 1201
2502 2540
1576 1605
1994 2014
1974 1995
1509 1602
538 559
2706 2732
2191 2219
2168 2194
2366 2385
3007 3019
2569 2590
2100 2126
183 196
153 166
1499 1528
3088 3156
1316 1325
126 144
2012 2035
1879 1904
2848 2849
1584 1616
3091 3121
2836 2837
3079 3094
1704 1714
2212 2237
1536 1596
626 645
1228 1264
71 85
978 1014
1547 1548
2033 2056
3246 3263
3300 3341
1375 1376
3377 3478
1799 1800
2276 2294
1709 1710
1064 1141
1070 1123
63 64
613 614
2659 2678
2994 3003
1113 1143
660 678
212 222
2687 2718
1392 1436
999 1031
3219 3220
436 443
3098 3099
680 697
1551 1612
1013 1095
1810 1819
895 924
3132 3152
3070 3083
22 51
1155 1200
2628 2654
2889 2890
2921 2933
2857 2869
74 95
370 371
471 472
1856 1866
3275 3306
1255 1307
1948 1977
815 841
2551 2572
694 695
867 869
837 863
1041 1088
1017 1062
577 578
1160 1205
1507 1600
912 943
283 292
2268 2285
3046 3060
2722 2760
743 760
3161 3202
2825 2826
2962 2963
2981 2982
3143 3162
1470 1471
785 786
1390 1428
1250 1251
969 1008
2445 2462
2892 2916
173 185
1835 1845
305 313
2328 2358
3038 3050
1146 1182
2117 2143
3225 3240
2560 2579
923 954
780 802
3117 3134
3015 3029
951 983
1961 1988
2986 2998
2988 3000
1356 1372
1612 1613
125 142
152 164
2696 2727
1537 1597
2265 2283
184 197
1560 1589
1525 1588
2172 2200
1704 1705
2412 2429
3089 3103
1482 1602
871 897
271 278
1057 1103
2406 2422
1776 1784
861 888
99 120
1377 1388
1607 1624
3245 3261
3057 3069
2705 2730
961 989
1105 1135
1660 1683
2515 2538
846 847
2912 2925
2153 2180
2028 2072
1484 1512
1477 1501
2850 2862
1043 1091
2192 2193
3299 3300
3368 3469
2506 2525
2893 2906
2078 2096
2220 2263
341 351
769 806
2286 2319
664 685
839 866
2061 2085
2307 2327
2509 2528
2897 2908
2281 2300
171 182
3398 3456
1739 1740
2460 2478
513 514
2159 2184
3443 3487
2889 2898
491 504
625 643
3346 3347
3438 3482
3440 3484
3395 3496
1431 1453
2017 2038
2099 2123
2884 2885
227 236
2183 2184
832 854
1815 1817
1400 1422
2662 2663
408 415
2671 2699
754 774
2232 2251
3146 3165
1712 1721
2941 2951
1041 1042
869 892
2937 2947
2051 2074
2216 2242
2811 2822
1202 1248
2622 2645
2695 2726
911 975
2781 2783
443 450
3210 3240
2638 2662
2057 2076
110 132
2469 2488
1555 1617
949 976
3175 3188
3265 3283
681 721
2276 2295
635 654
162 176
1831 1842
301 303
2801 2812
1987 1988
824 849
731 733
1241 1278
1910 1941
1185 1221
1269 1298
1494 1549
455 462
2701 2702
2911 2923
495 524
2043 2110
562 579
2092 2141
1463 1488
3008 3020
1382 1424
918 947
2169 2195
3089 3151
163 164
881 929
996 1076
902 903
2146 2171
58 59
1630 1651
652 672
452 458
1603 1621
170 200
3332 3460
1570 1599
652 671
1765 1774
2131 2157
3234 3256
1130 1176
1871 1889
1908 1937
2175 2203
2199 2224
2323 2341
2338 2354
3025 3048
2514 2537
1798 1808
1815 1825
1574 1575
1627 1639
2202 2228
253 261
2098 2144
2801 2823
885 913
2650 2674
2861 2875
1727 1735
2081 2102
2476 2496
3093 3107
44 78
838 865
3016 3031
2629 2656
1399 1422
3302 3344
1104 1136
857 880
3497 3498
497 527
3445 3489
2902 2913
446 447
2002 2026
981 1023
1189 1190
122 159
2574 2614
551 570
1212 1253
3233 3254
2544 2564
418 419
2558 2575
2132 2158
938 970
2606 2656
2550 2590
814 865
322 335
340 346
1018 1069
181 193
2222 2248
2744 2776
427 428
2018 2041
2758 2785
1007 1049
798 868
608 630
934 957
994 1026
1411 1459
3213 3257
1642 1650
2785 2805
1450 1471
1006 1048
3183 3203
3013 3026
2870 2882
1006 1045
3026 3039
1631 1642
908 934
965 994
1430 1450
1007 1008
3213 3256
2018 2040
2995 3019
608 629
3080 3081
427 435
2709 2744
2197 2222
1069 1122
335 342
193 206
814 866
2550 2591
2606 2657
1555 1585
970 1010
2106 2132
3082 3083
1253 1285
2202 2229
413 419
3212 3233
2544 2563
1190 1226
981 1022
2002 2027
446 454
2902 2914
1691 1699
3488 3489
3271 3302
2542 2579
582 583
1058 1104
1369 1401
2251 2266
1785 1794
1305 1317
813 838
2605 2629
3005 3016
1399 1445
44 79
1147 1182
1727 1736
2081 2103
2650 2675
2476 2497
2144 2163
2861 2876
859 885
3093 3108
2814 2823
1628 1639
3272 3346
3048 3050
1798 1806
1463 1489
2338 2353
2323 2340
2514 2536
2092 2113
1830 1858
1908 1939
2162 2188
2150 2175
2172 2199
210 228
1099 1130
1870 1889
3212 3234
3376 3435
1765 1766
1731 1732
2105 2131
2683 2713
200 208
1506 1599
2113 2138
3332 3333
2122 2146
1650 1651
3136 3151
882 929
997 1076
2122 2169
163 177
1977 1978
546 579
2086 2110
1536 1595
2911 2924
2673 2701
1474 1549
1186 1221
1883 1910
680 733
824 848
2079 2187
1241 1277
742 743
1987 2011
162 175
1831 1832
1668 1690
3159 3175
3248 3265
90 110
449 456
2016 2057
14 63
2469 2487
3091 3104
2616 2704
2587 2612
2783 2798
1203 1248
2216 2241
2695 2725
2811 2821
935 988
911 974
2396 2432
2050 2051
2936 2937
1712 1722
2941 2952
736 754
2647 2671
1400 1423
227 238
2183 2210
811 854
1453 1502
2884 2896
504 541
3444 3487
3384 3484
2696 2728
2159 2185
513 531
2460 2479
2892 2905
433 434
219 230
182 194
806 807
2281 2282
2319 2320
2271 2307
791 839
2528 2529
2907 2908
2220 2262
2075 2096
1407 1427
2971 2972
2992 2993
3428 3469
2862 2877
1002 1043
1452 1477
1840 1848
1484 1511
2153 2179
2492 2515
2901 2912
2730 2731
3261 3262
2527 2566
937 961
1578 1607
102 120
835 861
1767 1776
3250 3307
1280 1281
271 279
871 898
2429 2448
3103 3120
624 696
2200 2226
1537 1568
429 437
184 185
2265 2266
152 165
125 143
1356 1385
780 803
951 984
3117 3135
1961 1989
3015 3030
894 923
2986 2999
2988 3001
3024 3038
305 314
1835 1846
2445 2463
752 785
173 186
969 1009
1428 1447
1449 1470
1211 1251
2816 2826
283 293
3046 3061
860 917
2693 2722
883 912
546 578
503 533
2490 2510
1571 1600
1160 1206
1062 1107
837 864
1378 1392
2551 2570
791 815
1638 1649
2054 2077
1255 1308
2186 2212
3249 3306
370 377
471 480
1856 1867
74 96
2869 2881
1200 1247
2628 2655
495 510
1 22
1112 1144
2921 2934
3152 3153
1425 1448
697 713
3087 3098
642 677
679 714
3199 3219
998 1031
2638 2687
212 220
1065 1111
1318 1319
3002 3003
613 632
1070 1071
616 617
1700 1710
1799 1809
1339 1376
2036 2056
3436 3478
1518 1547
3246 3262
290 306
1228 1263
85 100
626 646
1833 1841
294 309
3079 3109
2827 2836
1850 1859
3253 3279
3092 3121
3124 3156
2835 2849
2297 2347
138 153
171 183
105 126
2166 2191
1499 1526
2100 2125
3007 3018
2366 2384
2168 2193
2569 2589
2233 2250
2706 2731
538 558
2007 2032
1991 2014
1576 1604
1995 2013
2540 2557
1117 1161
1508 1540
1623 1624
2426 2440
2931 2945
2512 2530
649 668
1483 1510
2967 2980
1417 1438
2105 2130
2683 2712
1094 1125
485 486
2871 2883
1934 1963
1119 1163
465 466
3066 3076
3027 3040
623 639
769 808
2406 2438
1267 1297
139 154
556 575
2343 2344
2315 2333
3035 3043
2770 2791
3176 3207
3492 3493
121 135
1697 1715
1779 1794
2756 2782
2321 2335
1187 1222
3452 3495
387 392
311 312
2346 2359
2306 2325
2382 2399
2494 2517
1996 1997
939 1010
1476 1528
2197 2221
737 774
2351 2385
87 107
1810 1829
1172 1216
1667 1674
3252 3276
779 825
2166 2217
1975 2019
1890 1919
2045 2068
3123 3139
670 691
3197 3216
3301 3342
203 214
291 299
940 973
2272 2290
2831 2844
2298 2316
2060 2083
2484 2504
2959 2969
397 399
445 469
1905 1935
663 683
2723 2762
2176 2205
3432 3475
3047 3062
910 941
1431 1454
2625 2651
1403 1404
2932 2933
477 502
2337 2367
1775 1777
1461 1485
862 863
439 440
1981 2027
2832 2846
574 575
771 794
249 259
1788 1796
689 728
2647 2670
1020 1072
2851 2863
1068 1121
3397 3455
92 114
192 215
211 230
895 954
2239 2275
1685 1686
2686 2717
519 520
2648 2672
297 298
2874 2875
600 621
1836 1837
426 444
1396 1419
364 365
1962 1963
2270 2303
642 675
2966 2978
3349 3350
2872 2886
2930 2944
2917 2926
3160 3180
797 798
3433 3476
890 891
1000 1033
3268 3287
920 977
2996 3009
699 718
2380 2397
2585 2608
0 20
3273 3305
1632 1634
2802 2803
2128 2152
1959 1985
894 952
1869 1887
298 299
1566 1591
870 924
225 235
3148 3168
1523 1558
2958 2969
1439 1466
2542 2561
2527 2549
123 140
2467 2541
457 476
3303 3345
2562 2563
2346 2360
1618 1635
1193 1242
1005 1047
1209 1286
2922 2935
1215 1258
3449 3494
3210 3241
3320 3413
1754 1760
1768 1769
2310 2329
3324 3360
2523 2524
901 902
3357 3359
3401 3459
17 45
2858 2868
1894 1925
2215 2240
109 131
1818 1828
1640 1648
1173 1218
2745 2776
633 634
511 523
2942 2953
2927 2938
810 829
3209 3222
21 50
133 179
207 217
3375 3477
2809 2816
3463 3464
3131 3170
2461 2462
2486 2487
2707 2765
2189 2254
2456 2474
1114 1183
727 744
565 566
1323 1334
2578 2599
468 482
1318 1337
971 1011
2383 2401
1734 1735
2373 2407
263 272
1819 1820
15 35
1129 1175
1357 1373
1397 1421
2387 2402
1497 1587
2639 2665
2784 2803
700 701
2322 2339
3113 3125
1256 1291
2873 2887
349 355
2618 2642
2715 2753
709 710
1057 1102
3111 3112
256 264
2271 2288
2597 2598
573 591
2485 2507
1199 1246
1888 1917
1677 1686
1827 1837
2617 2643
712 750
2316 2333
2593 2636
1524 1559
3154 3173
921 1052
2828 2852
1895 1951
1432 1480
1852 1875
1067 1120
1644 1654
605 659
882 931
3294 3335
726 745
950 982
1873 1874
3330 3400
1728 1736
491 505
2459 2477
2694 2724
3056 3068
1378 1393
161 174
2208 2209
2452 2453
582 598
1304 1328
1131 1132
748 767
1365 1395
1469 1492
3214 3237
1861 1874
2414 2431
529 530
2244 2259
1892 1944
328 329
1577 1625
615 655
1366 1381
1462 1486
257 258
1108 1139
2710 2746
638 658
1223 1224
1662 1680
3291 3317
3042 3054
2379 2441
1669 1670
3144 3163
1126 1252
597 618
73 93
2022 2023
1742 1747
2940 2950
3195 3215
3059 3060
277 278
3231 3251
1593 1594
852 853
2442 2457
2095 2118
2759 2789
512 563
3446 3490
2139 2140
2622 2624
1340 1341
2297 2331
242 250
479 486
376 381
284 293
350 351
39 83
108 130
2840 2854
1716 1724
1142 1179
779 801
2256 2274
834 856
1390 1408
1843 1853
1924 1949
2244 2260
2046 2068
2393 2411
1379 1415
1953 2025
2607 2632
3158 3189
1169 1287
870 896
2337 2352
1645 1655
42 75
391 392
1418 1440
1720 1721
821 844
2362 2378
644 645
662 682
2820 2846
1811 1820
1534 1592
1850 1857
323 324
398 403
2430 2431
1716 1718
1535 1595
2975 3001
1353 1381
380 381
1554 1615
2245 2261
2910 2934
3181 3201
1872 1926
3102 3135
922 984
2428 2463
1748 1756
318 324
1899 1958
2064 2087
1410 1433
1942 1971
781 782
2292 2311
1060 1137
1733 1750
1741 1757
1653 1671
2533 2552
2596 2640
753 795
717 757
1801 1821
3402 3461
3248 3310
3352 3411
1719 1729
1804 1814
3257 3258
1394 1416
2536 2556
2451 2468
1755 1762
762 782
459 466
1391 1412
1371 1385
516 587
2738 2793
1556 1557
2080 2101
1478 1501
1834 1844
2277 2295
1822 1824
2030 2031
1652 1666
1106 1180
2082 2083
653 672
276 286
1519 1581
590 609
793 816
1128 1219
1012 1013
1309 1310
3297 3409
1626 1637
1332 1346
1384 1404
2017 2039
2305 2324
1266 1295
1271 1300
2124 2125
2029 2053
1986 2011
2177 2207
607 627
3307 3308
3439 3485
1713 1714
1345 1358
1361 1362
738 755
2160 2185
980 1021
1795 1802
1004 1092
687 688
2145 2194
2287 2326
588 602
2273 2274
2742 2773
772 794
2022 2069
1513 1514
2534 2554
2418 2435
593 594
2206 2231
2748 2780
2198 2223
547 548
2373 2391
312 313
2181 2182
2087 2136
2263 2264
2129 2154
380 393
403 417
43 98
1955 2005
2374 2390
225 243
360 361
2108 2136
2356 2357
189 190
1906 1965
716 749
2001 2047
964 1026
1973 2013
1158 1249
2107 2158
2626 2676
2830 2855
551 553
3379 3480
3196 3238
3247 3283
2513 2555
3064 3066
2493 2538
481 483
1336 1338
70 100
2500 2501
102 119
3380 3481
3158 3188
3145 3184
3295 3407
554 586
679 713
1519 1580
766 768
3179 3218
18 80
3141 3172
2593 2594
536 569
202 222
492 522
3428 3470
1474 1516
429 431
1166 1168
1301 1303
3127 3155
3375 3476
253 255
516 517
3208 3222
622 639
149 158
855 877
545 562
809 829
734 766
1675 1682
449 451
3006 3031
488 490
1348 1350
3176 3206
2364 2394
1947 1992
2703 2705
103 134
1405 1407
288 289
1507 1570
2117 2120
2381 2416
1890 1918
571 601
828 831
2798 2799
3086 3087
82 84
3187 3190
178 180
2015 2055
1407 1426
2393 2395
39 82
1517 1518
1364 1406
1452 1529
1494 1517
1700 1702
411 413
3267 3312
1094 1096
124 156
160 189
542 545
3436 3479
394 396
3106 3107
1330 1355
2738 2792
2093 2094
3023 3065
915 916
1689 1694
240 241
1194 1279
2079 2119
2946 2947
2954 2956
884 943
997 1077
882 930
907 957
792 841
226 245
1921 1942
1230 1294
1232 1296
1608 1636
3226 3259
3266 3309
3319 3410
995 1074
906 955
963 1025
1535 1590
2 51
16 65
106 144
1213 1307
726 783
2388 2419
845 919
2189 2236
2475 2518
3042 3044
1118 1207
3221 3224
3363 3462
146 149
1878 1902
1956 1983
3297 3408
3138 3140
1168 1210
1661 1664
2214 2269
1564 1565
121 133
588 600
3088 3111
1217 1218
2501 2521
3157 3171
3191 3205
3100 3110
698 731
2003 2004
788 805
832 851
207 209
2520 2522
390 412
589 620
1096 1167
1339 1361
1709 1711
1170 1293
1410 1481
1792 1794
2437 2488
1409 1447
3101 3138
609 611
275 281
1940 1941
603 619
1526 1561
744 764
2137 2161
2015 2034
2895 2896
1363 1374
1351 1375
1490 1493
833 876
1015 1050
2637 2660
555 592
2099 2149
2829 2855
625 666
2860 2888
968 1049
2016 2055
438 442
282 302
651 667
805 809
3387 3486
241 247
289 295
979 1051
624 657
930 933
1451 1491
1893 1943
2162 2164
2211 2213
3230 3277
1016 1138
2838 2847
32 33
926 927
2588 2589
2661 2703
150 157
518 551
388 395
1444 1445
2165 2211
3205 3208
3264 3282
1660 1673
1550 1579
2213 2235
2984 3020
3113 3123
122 147
1321 1326
1473 1490
464 475
209 216
1213 1292
2164 2186
2584 2657
304 325
1055 1177
2235 2238
364 367
1860 1927
2412 2464
2558 2559
1752 1753
3171 3174
1793 1800
213 214
2090 2091
928 932
1243 1284
262 288
1696 1717
2286 2302
2516 2517
1930 1932
1333 1347
2279 2280
992 993
619 622
2350 2363
86 118
2739 2792
1756 1763
2443 2473
2456 2458
1628 1638
1398 1444
2395 2409
566 567
2241 2258
2478 2498
2599 2621
1828 1838
2289 2309
596 612
1891 1920
38 68
1435 1436
2037 2076
2559 2574
1695 1700
2481 2483
2729 2733
2790 2794
27 28
1367 1368
3108 3109
966 1093
2909 2918
628 629
707 723
1726 1744
2059 2104
2255 2291
2483 2499
2444 2480
231 240
1933 1990
913 944
755 775
89 132
2523 2564
2597 2643
1414 1415
1446 1449
2340 2355
881 900
490 501
1767 1791
2078 2097
396 400
2364 2377
2044 2090
3169 3170
3078 3085
2398 2399
1959 2010
1877 1932
1659 1673
3441 3442
1693 1695
66 67
1684 1688
1781 1805
3055 3086
2495 2496
2880 2890
384 389
2764 2807
2758 2787
296 327
2227 2228
136 146
835 917
883 975
2531 2591
1992 1993
3227 3245
2522 2539
812 876
1150 1188
1974 2034
3178 3218
3328 3457
2238 2253
2741 2796
2685 2753
458 467
1860 1898
414 423
606 647
2102 2127
3071 3073
2224 2249
2669 2727
1044 1092
2465 2482
1019 1123
2987 3000
2757 2805
2821 2834
359 382
464 481
1482 1573
2443 2489
2799 2810
3012 3022
823 899
1862 1864
3024 3063
3045 3084
233 253
3127 3137
642 656
752 765
1826 1847
2929 2953
2133 2134
190 199
401 406
194 206
1867 1868
3286 3311
2369 2370
172 197
2774 2775
1162 1163
255 260
2740 2795
2684 2752
1028 1029
2946 2955
3242 3243
958 959
2819 2845
3017 3018
41 97
1229 1260
571 586
1672 1675
2321 2336
3239 3244
72 115
2635 2637
1753 1759
494 509
103 117
2043 2089
431 436
420 425
2436 2450
407 429
2134 2135
1982 2005
691 711
1204 1205
2420 2424
2567 2583
2603 2623
2814 2815
3313 3314
710 711
593 596
292 300
154 166
2029 2074
151 177
761 804
2250 2267
3141 3155
1148 1184
478 487
2661 2677
2689 2690
112 113
1575 1620
3374 3499
836 889
2365 2401
2532 2573
799 843
2839 2843
3044 3053
2533 2554
463 468
483 488
2736 2769
2646 2668
3343 3344
3354 3412
1839 1851
3293 3406
948 976
3288 3315
451 455
1338 1348
34 62
2891 2915
3130 3169
2604 2692
734 749
224 232
353 358
1220 1225
343 348
1059 1137
1437 1488
1807 1816
447 448
2913 2925
990 991
3473 3474
1346 1347
1579 1582
1808 1809
1089 1090
3164 3186
651 686
1056 1100
1077 1078
1676 1681
3419 3420
94 95
1498 1562
141 142
1676 1688
2 24
955 957
3376 3476
46 47
1066 1145
226 237
37 65
3378 3480
2691 2720
2120 2142
2766 2767
1912 1913
1116 1181
979 1094
4 23
3230 3274
1080 1081
884 945
3289 3316
3329 3458
3025 3052
3348 3352
857 875
1522 1586
310 315
506 508
369 374
339 344
1273 1274
3062 3063
2304 2349
2512 2565
1631 1657
1212 1301
1313 1336
2627 2652
3269 3342
3362 3422
3196 3216
19 48
1891 1918
2114 2137
3426 3427
169 178
1240 1277
175 187
1258 1259
1706 1707
2653 2654
2904 2915
2957 2990
3051 3052
3229 3281
532 552
1699 1707
3453 3454
70 81
191 223
679 693
769 784
716 730
1519 1546
792 817
660 676
3404 3405
1053 1166
799 867
1239 1276
1914 1915
2957 2979
581 669
3133 3134
2594 2613
554 569
316 321
358 363
269 274
333 338
379 383
1947 1970
1703 1708
432 449
2449 2466
986 992
2905 2906
2940 2960
77 78
1244 1245
1274 1275
1358 1373
3470 3471
3471 3472
3480 3481
371 372
472 473
1396 1442
1538 1569
630 631
1086 1087
1729 1730
1803 1813
1851 1859
1022 1073
3361 3421
1040 1088
1176 1177
2312 2313
983 1024
802 827
3338 3339
4 5
5 6
8 9
10 11
11 12
29 56
90 91
326 332
347 352
362 368
373 378
492 493
704 723
723 741
758 776
796 820
1034 1035
1035 1036
1036 1037
1037 1038
1038 1039
1158 1159
1194 1195
1196 1197
1230 1231
1232 1233
1235 1236
1236 1237
1545 1577
1881 1882
1883 1884
1885 1886
2173 2174
2440 2456
2748 2749
2956 2964
2971 2981
3002 3011
3128 3129
3295 3296
3321 3322
3322 3323
3325 3326
3339 3340
3364 3365
3365 3366
3366 3367
3371 3372
3380 3381
3385 3386
3388 3389
3390 3391
3393 3394
965 1075
1906 1907
2582 2602
2847 2856
3021 3033
2719 2754
1608 1609
1907 1938
1539 1598
1380 1395
1978 1979
2939 2960
2985 2997
3014 3028
2589 2612
1497 1559
1926 1952
2725 2763
848 874
2282 2283
1096 1097
683 703
106 128
498 499
2140 2160
684 685
2084 2085
758 759
2417 2418
2665 2666
1845 1855
2040 2063
2325 2342
2787 2788
2717 2718
577 594
1754 1761
2792 2806
2416 2433
340 345
2390 2391
1111 1141
849 850
2600 2601
1998 1999
2242 2243
1725 1732
1746 1766
654 673
1619 1635
2206 2230
1781 1789
898 899
531 550
1561 1589
1143 1178
1312 1319
2997 2998
3028 3029
1824 1833
499 514
1957 1958
2209 2210
1761 1762
1718 1725
2374 2375
902 904
2413 2430
671 692
1440 1441
1780 1787
2624 2646
272 279
920 948
270 284
350 354
1817 1822
433 435
15 64
2950 2951
869 891
2484 2525
1852 1862
355 361
708 709
3225 3242
2765 2766
2387 2389
3115 3131
2543 2581
3413 3414
2049 2094
1509 1543
2586 2608
3249 3273
1068 1165
771 818
2649 2672
2215 2239
181 192
201 211
1611 1613
728 747
1777 1784
2147 2171
2920 2932
463 469
397 402
678 694
3232 3252
2019 2041
1383 1404
1457 1458
2233 2234
2347 2359
306 314
616 637
1377 1387
510 525
1629 1649
1396 1420
2777 2778
1573 1601
988 989
1498 1525
3104 3120
2380 2396
2072 2094
1880 1903
453 454
3377 3435
228 238
1691 1692
583 584
512 527
3072 3082
303 310
2800 2812
1191 1263
1601 1603
1968 1970
2192 2219
2115 2139
2420 2422
2328 2345
3143 3161
2270 2285
1157 1201
268 269
1383 1424
2293 2330
1976 2021
1840 1850
2608 2610
2615 2635
1553 1613
2299 2300
2965 2976
557 576
422 423
2371 2372
168 169
1290 1317
519 559
2405 2439
1289 1317
1343 1358
1876 1931
1289 1314
1657 1665
1789 1791
331 337
1647 1656
2455 2471
2504 2546
342 346
2865 2878
2114 2116
720 740
1679 1687
250 252
264 266
3068 3069
2710 2778
1867 1879
2587 2610
1929 1958
1764 1780
1772 1774
2001 2026
1314 1335
