2720 2734
2871 2883
2845 2857
1659 1662
1463 1495
2094 2122
2715 2716
2836 2846
1611 1623
1944 1980
1964 2001
555 582
571 600
2574 2601
34 75
98 126
1499 1528
1647 1662
1300 1320
3034 3061
3067 3093
310 322
384 388
1969 2012
2420 2454
785 822
1311 1334
2982 3003
1758 1767
1563 1589
806 846
902 926
493 510
23 46
3150 3167
3176 3231
1499 1573
1869 1898
745 778
2962 2990
1984 2023
2641 2672
3177 3217
3178 3218
3249 3303
3250 3304
3251 3305
3007 3032
2998 3015
891 980
1117 1153
1292 1302
1817 1843
2640 2671
1619 1632
937 1013
1861 1863
1390 1428
751 752
1207 1246
1074 1105
2640 2690
867 897
2955 2968
3301 3329
2575 2603
1438 1461
2583 2630
669 688
1022 1067
1610 1616
25 50
2179 2198
192 211
643 702
997 1042
1021 1131
3236 3291
3315 3356
3119 3161
1351 1419
1391 1461
2410 2446
1246 1247
3252 3364
1206 1245
2512 2535
80 111
418 428
660 692
1697 1709
772 813
883 915
1931 1996
2294 2343
2727 2765
1324 1346
2950 2969
24 49
2732 2745
2492 2513
2482 2521
1518 1520
1412 1487
1484 1517
27 56
1156 1223
2622 2707
3140 3163
1612 1614
2499 2537
587 619
65 93
2766 2779
1350 1385
2994 3016
1134 1217
826 850
548 575
642 673
678 708
1251 1271
1369 1406
1453 1501
1478 1532
3007 3029
2851 2852
116 139
1275 1288
1906 1940
2012 2014
1292 1314
713 740
949 1018
1080 1145
2352 2381
26 55
88 110
2019 2041
884 915
2268 2285
1562 1578
2384 2403
1118 1189
14 28
1394 1419
1083 1126
1594 1603
3170 3195
1889 1915
1698 1700
6 24
3117 3150
2934 2947
1645 1652
1812 1835
482 507
829 874
1411 1448
2932 2958
393 416
879 942
1092 1136
1161 1245
1969 1991
2473 2513
12 26
3055 3076
1252 1268
1266 1280
3050 3077
292 305
450 460
605 637
1677 1694
400 402
34 78
1217 1220
1736 1737
2376 2428
2655 2656
1557 1573
2681 2682
223 242
3130 3147
2162 2196
2712 2723
1861 1864
1644 1652
4 47
5 48
8 51
11 54
984 1072
2524 2525
1674 1676
1284 1295
1696 1703
2031 2077
13 56
3041 3060
998 999
1495 1521
496 526
829 870
2389 2390
1581 1592
2532 2533
284 308
916 918
2643 2674
3072 3092
1441 1497
2435 2437
1639 1640
2700 2721
407 409
2865 2877
2083 2084
3088 3108
2071 2124
2752 2765
36 70
67 110
1984 2021
2279 2291
2902 2913
1880 1899
2411 2452
2053 2100
864 946
2507 2568
713 743
2862 2885
1092 1180
1377 1424
1786 1787
1697 1710
1338 1373
1840 1869
410 416
1952 1975
816 861
985 1073
759 761
2987 2988
16 30
2755 2756
250 268
488 499
1434 1475
2594 2662
130 150
1829 1883
3035 3073
2985 2999
2346 2379
2463 2465
3100 3142
3282 3325
3009 3044
1632 1633
1828 1853
443 454
463 474
1291 1308
2204 2218
2937 2938
1801 1838
2768 2792
2233 2235
2940 2966
898 903
2118 2165
682 702
255 257
1580 1599
1065 1138
1091 1172
2475 2476
2335 2337
1667 1668
284 309
1943 1960
2777 2778
1117 1188
2042 2044
3154 3171
703 704
1818 1873
2769 2793
2868 2870
18 40
679 717
3083 3125
538 551
37 71
1121 1166
1912 1914
843 869
163 190
530 544
830 885
2854 2875
2527 2576
1133 1213
2046 2107
1116 1183
2264 2265
310 324
2482 2522
2549 2599
2551 2601
2952 2965
936 1014
340 341
1454 1513
800 802
2546 2548
447 449
2249 2251
2397 2399
2888 2890
2401 2424
752 753
3008 3025
3120 3163
376 391
2636 2665
3033 3045
714 748
888 889
1488 1519
470 486
1489 1518
397 398
554 567
2326 2343
1021 1089
2134 2171
2344 2345
3021 3056
1702 1704
2490 2512
964 999
2931 2956
2489 2534
2920 2944
296 298
2729 2739
2826 2849
2983 3013
2470 2472
1157 1241
3263 3311
2570 2627
2642 2695
1507 1564
234 242
3275 3363
227 229
2610 2677
412 422
1813 1836
854 912
411 416
2417 2419
3177 3283
2669 2706
1067 1097
380 381
3022 3057
404 406
613 615
1324 1348
2487 2488
531 533
2728 2753
431 441
80 113
3339 3364
2804 2806
730 731
7 50
99 136
1 44
1892 1938
236 248
270 282
875 903
2024 2063
1172 1173
1855 1878
1904 1922
2087 2138
3051 3089
2637 2706
477 505
1932 1952
289 290
163 191
3069 3087
2919 2948
2358 2359
2718 2743
2800 2812
520 537
2481 2515
1330 1362
3011 3028
516 518
673 675
0 43
1922 1924
3040 3059
481 510
2518 2561
2507 2569
2716 2717
1739 1754
3086 3106
3123 3144
33 62
2701 2723
2874 2887
3253 3340
2959 2960
1500 1558
1945 1988
3109 3111
2578 2580
3049 3064
789 790
3099 3129
3210 3298
153 171
35 90
2909 2935
84 105
502 536
1479 1537
1370 1416
2823 2825
2237 2269
2622 2709
2984 3015
258 273
3 23
876 926
933 994
1030 1105
3114 3147
3269 3315
666 668
2252 2283
3265 3313
66 108
2189 2224
878 928
1506 1535
2047 2091
3213 3322
2295 2311
181 183
593 595
2816 2841
1032 1107
1501 1503
275 277
193 204
1183 1187
846 849
3231 3234
606 646
235 242
2349 2351
2859 2861
2878 2880
754 798
2368 2405
2400 2444
512 546
2665 2668
3260 3309
3262 3310
3179 3285
2697 2699
1254 1255
1870 1871
712 723
2630 2633
160 162
1119 1226
507 509
83 124
1162 1246
1508 1536
2421 2442
2979 2981
1081 1148
795 844
2376 2429
1805 1849
3251 3338
3214 3280
303 304
320 321
354 355
364 365
1277 1296
1473 1476
2758 2784
1013 1015
3242 3301
2990 2992
2724 2726
1365 1366
81 122
118 134
1649 1658
1831 1860
3135 3169
3211 3320
3204 3237
2641 2694
1223 1227
784 803
1985 2029
2798 2821
1120 1210
3175 3233
963 1042
1024 1099
2093 2145
2186 2187
2449 2485
880 943
1907 1948
2749 2774
1031 1075
906 958
3153 3195
3203 3291
3249 3336
3156 3224
3250 3337
150 151
488 501
2500 2543
3178 3284
376 392
2025 2069
144 169
970 1057
1420 1469
934 961
1774 1792
425 427
250 269
2407 2409
629 631
648 650
3157 3226
3205 3293
3206 3294
3207 3295
3208 3296
3209 3297
3243 3330
3244 3331
3245 3332
3246 3333
3266 3353
3270 3357
2735 2737
3268 3314
3273 3317
986 1086
2595 2663
1378 1425
1817 1872
198 199
479 491
2883 2895
480 492
361 363
464 466
841 895
3098 3112
950 1039
3068 3105
3115 3131
3174 3199
214 215
345 346
1905 1925
326 327
314 315
349 350
359 360
2188 2202
2360 2415
935 996
2584 2651
262 263
369 370
384 390
32 61
221 222
335 336
2328 2330
1480 1538
164 187
3155 3197
174 196
192 212
966 1045
967 1046
2095 2147
1856 1902
2496 2498
2280 2313
2288 2320
1807 1851
2609 2667
968 1047
769 771
971 1058
2759 2785
3116 3149
82 123
3082 3110
3159 3188
3272 3316
3274 3318
2221 2256
270 283
2135 2175
1082 1169
920 991
2505 2506
2173 2208
3134 3151
684 686
2164 2181
2318 2348
1312 1354
444 446
3023 3058
131 158
1689 1691
1866 1920
2898 2900
2353 2387
2789 2811
1033 1109
586 620
764 801
805 848
1389 1430
3066 3080
2374 2375
3212 3321
2817 2842
2951 2989
2122 2146
1397 1445
523 524
2540 2589
588 627
2795 2797
2833 2835
3182 3221
3119 3162
2608 2634
165 188
1195 1231
1197 1233
969 1056
1357 1402
1464 1522
907 959
1768 1784
371 372
1806 1850
786 835
2586 2653
2303 2305
2746 2747
2638 2670
1329 1383
2750 2775
2846 2867
154 179
2168 2170
2508 2556
201 219
230 247
17 73
2901 2926
1023 1098
1025 1100
1839 1896
342 344
1293 1315
2324 2357
2272 2287
1433 1451
1034 1128
1115 1151
1079 1110
1726 1741
2837 2858
2741 2754
589 609
908 977
3257 3344
2659 2686
905 929
2006 2051
2550 2600
1887 1934
2032 2078
2054 2101
2585 2652
2315 2317
1066 1139
1886 1954
2611 2648
1193 1229
1196 1232
1198 1234
3215 3281
521 559
807 859
2439 2477
2274 2276
292 307
1113 1149
2440 2459
117 148
85 106
31 60
1114 1150
278 295
331 332
244 261
736 776
1705 1718
2277 2278
3181 3220
564 581
374 375
2881 2906
2910 2936
3241 3300
987 1087
688 707
386 387
2907 2908
2592 2593
1561 1577
938 1016
3202 3235
2612 2649
2306 2307
2034 2059
1991 2037
1727 1735
2658 2704
2072 2125
3248 3335
2582 2632
2412 2434
1192 1228
1194 1230
1199 1235
483 485
1200 1236
1123 1167
1820 1845
2620 2621
1203 1239
141 172
1349 1386
1358 1403
1201 1237
1202 1238
2529 2554
2119 2166
2917 2918
2644 2675
19 41
3173 3198
2088 2139
1026 1101
1971 2015
1421 1470
1003 1048
1004 1049
1005 1050
1006 1051
1007 1052
1008 1053
1821 1846
1822 1847
3183 3222
3240 3299
1009 1054
932 960
1740 1748
3264 3312
670 691
1462 1550
794 815
231 240
347 353
1401 1427
2098 2126
1888 1912
2117 2182
70 92
2075 2102
1990 2037
2076 2103
1077 1078
532 550
2338 2355
2143 2167
1379 1426
371 379
514 534
1993 2017
2565 2591
2648 2680
2072 2151
1931 1950
2035 2060
1468 1498
1444 1472
1423 1447
2099 2127
2441 2461
2501 2521
395 403
337 342
2411 2431
1601 1609
2673 2696
2191 2209
747 768
567 584
667 686
1291 1322
989 1040
972 1060
716 732
1746 1755
2066 2116
2205 2242
2535 2536
1664 1673
2362 2380
1882 1911
608 628
1305 1319
1791 1800
2210 2226
3310 3350
503 523
1342 1361
1892 1917
1957 1978
2049 2070
1496 1523
1966 1989
2239 2257
1531 1588
1233 1263
1228 1258
766 791
316 322
1065 1093
1265 1272
258 264
3220 3288
1294 1319
572 612
1505 1534
539 556
1075 1144
2086 2156
2008 2030
634 654
1907 1927
1958 1979
1582 1617
2230 2247
2195 2214
1782 1793
1409 1431
2598 2629
2027 2052
2661 2689
1437 1460
1458 1486
1511 1539
2510 2559
2891 2904
470 569
1175 1273
1331 1344
2860 2869
2879 2889
1372 1395
1706 1714
737 758
445 453
695 710
2377 2416
2532 2559
2442 2462
1747 1756
1479 1570
1621 1631
2801 2813
3124 3145
1682 1690
1466 1525
3170 3194
1670 1688
2111 2161
1584 1598
2458 2478
3189 3230
3236 3290
2542 2567
714 728
1677 1684
1739 1745
3141 3165
679 697
3325 3326
1604 1612
1692 1698
1492 1547
1595 1606
460 475
2152 2185
1027 1103
1491 1546
2227 2245
1878 1903
394 396
2355 2373
1393 1417
756 777
2392 2413
64 95
329 333
1834 1863
2660 2688
1613 1622
306 313
3071 3090
1699 1708
1808 1860
2807 2832
2995 3028
892 955
2163 2180
3037 3075
2862 2872
518 519
1774 1781
1829 1857
1313 1327
864 982
794 814
311 319
1415 1440
438 439
1490 1545
2580 2581
1392 1415
2719 2733
662 683
625 647
1753 1763
2292 2293
69 91
377 385
1671 1681
734 735
1596 1607
1248 1250
866 896
2267 2284
1303 1314
1118 1224
2780 2791
2322 2323
1973 1995
1253 1269
2178 2197
827 848
1368 1386
3361 3362
2174 2193
774 799
317 325
1108 1143
1605 1615
2727 2740
81 102
63 77
1135 1222
1159 1243
1301 1328
1339 1376
362 368
465 473
784 823
1881 1930
2466 2504
3315 3355
545 547
1112 1145
2005 2043
1273 1309
143 161
3103 3126
2954 2967
1693 1701
87 109
265 274
1951 1974
579 598
3054 3074
1620 1630
244 251
513 531
1177 1217
2346 2361
2335 2350
2128 2154
710 725
1152 1186
3201 3233
1177 1178
2286 2302
2647 2679
622 639
1074 1104
245 254
1422 1445
1326 1340
1854 1877
2177 2214
1971 1992
596 618
209 210
2258 2271
1798 1811
2325 2342
1432 1450
3102 3124
726 742
1312 1325
1068 1096
1289 1290
3053 3091
580 599
167 180
527 528
1353 1374
2564 2590
490 506
2386 2406
3279 3323
2625 2664
952 992
721 739
1679 1688
1809 1833
3219 3286
1795 1804
573 592
2959 2971
773 821
638 640
1956 1999
1085 1129
1267 1278
984 1028
888 947
773 797
2751 2764
1830 1885
2502 2523
1019 1020
3048 3063
624 645
1965 1987
1454 1482
2479 2538
2519 2544
1274 1282
857 886
1628 1638
1769 1778
1824 1849
2397 2398
2393 2414
1163 1208
1371 1418
2206 2225
828 871
2962 3005
408 414
1023 1069
1879 1900
2541 2591
541 542
1514 1541
2500 2520
2616 2617
2758 2771
1719 1720
563 577
1251 1282
603 621
1219 1256
3003 3018
2254 2270
2684 2704
680 700
1540 1572
165 195
1155 1225
2974 2987
1558 1559
1381 1403
1094 1138
1862 1915
1567 1568
1317 1332
2319 2334
29 59
2259 2273
905 930
1591 1609
1802 1816
879 941
1685 1695
456 468
2297 2298
1283 1298
1462 1549
2615 2652
705 722
1285 1296
549 566
2483 2503
1111 1147
2382 2383
129 141
1135 1179
2370 2388
2394 2416
2622 2708
3328 3330
1583 1584
2824 2825
2417 2418
0 21
969 1011
783 802
3097 3111
2839 2840
2244 2260
919 1062
2432 2453
2644 2646
614 629
1137 1182
831 857
1760 1770
424 436
82 103
2159 2176
1858 1884
39 74
2757 2777
3215 3324
2212 2229
3208 3238
401 402
2796 2797
3209 3239
2873 2887
1174 1249
3316 3359
2819 2820
2216 2232
973 1014
1205 1242
1571 1585
1717 1723
3188 3228
1261 1262
461 462
10 53
133 149
2467 2486
1399 1424
224 233
3039 3057
1481 1512
2855 2877
1426 1427
1997 2019
1518 1544
560 577
1823 1848
922 955
1855 1879
2111 2137
1334 1347
1536 1567
1118 1225
1855 1901
2481 2517
2608 2635
2038 2039
1916 1959
2073 2099
2892 2906
698 718
2702 2714
2310 2327
655 656
3172 3196
3200 3232
20 42
753 770
967 1002
3038 3075
3038 3056
3253 3307
2219 2220
3184 3223
2770 2783
2863 2887
2827 2840
3070 3088
2814 2815
1894 1921
351 358
1814 1837
585 602
2772 2786
504 525
1776 1785
2587 2617
1636 1643
1435 1458
86 107
2762 2776
1732 1749
3276 3319
988 1038
237 246
2571 2598
661 681
557 574
426 434
2731 2744
1887 1913
833 860
2282 2300
930 956
1908 1929
3347 3348
1928 1949
2553 2577
911 944
1414 1439
2316 2317
1656 1666
2624 2662
2931 2942
2071 2097
3252 3306
2614 2615
616 617
1497 1525
2518 2560
644 664
1868 1897
2856 2867
1986 2010
1972 2017
617 636
2190 2207
2730 2742
3164 3165
1765 1772
2953 2978
651 672
879 910
194 206
279 288
3085 3105
3157 3186
3019 3031
2211 2228
3277 3278
2275 2290
3211 3278
682 701
517 519
818 845
1616 1625
1362 1363
101 121
909 979
715 750
2266 2300
2117 2141
1160 1244
2222 2241
2296 2313
2579 2581
2402 2426
2246 2247
299 305
2233 2250
3317 3360
2656 2657
1150 1185
371 373
795 817
201 209
278 285
395 396
1509 1569
1724 1731
1648 1657
97 128
2215 2232
248 256
3261 3348
3271 3358
9 52
1190 1224
3081 3095
2048 2068
2929 2930
2638 2691
2975 2989
540 559
132 148
1231 1260
1233 1262
2923 2936
2347 2364
763 781
2969 2970
587 604
451 459
1084 1128
1867 1896
471 485
631 649
713 762
2768 2781
2816 2828
2864 2876
2055 2076
2613 2650
1398 1423
1420 1442
1530 1574
2336 2337
1125 1170
420 425
1120 1165
2410 2447
1529 1558
1925 1942
1906 1926
1467 1555
522 543
2607 2633
2112 2139
2089 2115
2281 2299
2903 2915
2474 2494
2026 2051
176 188
146 159
1457 1485
2982 3047
1278 1287
120 137
1940 1962
1815 1838
2747 2748
1537 1569
2984 3014
2736 2737
2973 2987
1655 1665
2132 2156
1493 1549
607 626
1191 1227
65 79
948 982
1502 1503
1960 1982
3133 3150
3185 3224
1335 1336
3256 3343
1743 1744
2194 2212
1660 1661
1031 1106
1037 1088
57 58
594 595
2560 2579
2890 2899
1078 1108
641 658
203 213
2588 2619
1352 1396
967 1000
3107 3108
422 429
2991 2992
660 677
1506 1565
981 1062
1752 1761
865 894
3025 3043
2965 2977
22 45
1164 1209
2530 2555
2787 2788
2818 2830
2756 2767
68 89
356 357
457 458
1794 1802
3190 3192
1218 1269
1881 1909
788 812
2457 2477
674 675
838 840
808 834
1010 1055
985 1029
560 561
1124 1168
1465 1553
882 913
271 280
2186 2203
2941 2955
2623 2661
720 735
3052 3090
2724 2725
2859 2860
2878 2879
495 527
3053 3072
1429 1430
760 761
1350 1388
1213 1214
939 976
2354 2371
2790 2813
166 178
1775 1783
293 301
2243 2273
2933 2945
1111 1146
2042 2064
3113 3127
2466 2484
893 924
755 775
3010 3026
2911 2925
921 953
1893 1919
2882 2894
2884 2896
1316 1332
1565 1566
119 135
145 157
2597 2628
1494 1550
2183 2201
177 189
1515 1542
1483 1541
2093 2121
1655 1656
2339 2356
2996 3012
1441 1555
842 867
259 266
1024 1070
2318 2332
1721 1729
832 859
93 114
1337 1348
1560 1575
3132 3148
2952 2964
2606 2631
931 958
2438 2455
1611 1634
2423 2445
817 818
2809 2822
2074 2101
1956 1998
1443 1470
1436 1459
2749 2761
1012 1058
2113 2114
3184 3185
3247 3334
2414 2433
2791 2803
2004 2022
2140 2181
329 339
744 779
2204 2234
645 665
810 837
1987 2011
2223 2242
2417 2436
2795 2805
2199 2217
164 175
3277 3321
1690 1691
497 498
2080 2105
3313 3352
2787 2796
477 489
606 624
3229 3230
3309 3347
3310 3349
3274 3361
1391 1413
1945 1965
2025 2048
2782 2783
2104 2105
217 225
804 825
1757 1759
1360 1382
2563 2564
394 401
2572 2600
729 749
2152 2169
3037 3055
1663 1672
2838 2848
1010 1011
840 863
2834 2844
1977 2000
2136 2160
2710 2721
1166 1211
2524 2547
2596 2627
881 945
2681 2683
429 436
3098 3127
2540 2563
1983 2002
104 125
2378 2396
1510 1570
919 946
3065 3078
3152 3168
661 701
2194 2213
616 635
155 169
1771 1780
289 291
2701 2711
1918 1919
796 820
709 711
1204 1241
1844 1874
1149 1184
1232 1261
1452 1504
441 448
2602 2603
2808 2820
481 508
1970 2036
546 562
2018 2062
2904 2916
1342 1384
888 917
2090 2116
156 157
852 899
964 1043
3012 3042
872 873
2067 2092
52 53
1581 1602
633 653
438 444
3216 3325
1523 1552
633 652
1715 1720
2056 2078
3122 3143
1095 1140
1807 1825
1842 1870
2120 2144
2096 2149
2238 2256
2253 2269
2921 2943
2422 2444
1757 1767
1527 1528
1578 1590
2123 2148
241 249
2024 2065
2701 2722
856 883
2552 2575
2760 2773
1678 1686
2007 2028
2385 2404
2986 3000
38 72
809 836
2912 2927
2531 2557
1359 1382
3187 3227
1071 1101
828 851
3362 3363
3267 3354
2799 2810
432 433
1933 1954
951 991
1153 1154
116 152
2479 2516
535 553
1175 1216
3121 3141
2451 2469
404 405
2464 2480
2057 2079
908 940
2509 2557
2456 2494
787 836
310 323
328 334
986 1036
174 185
2142 2166
2645 2676
413 414
1946 1968
2659 2685
975 1017
771 839
590 611
904 927
962 995
1371 1419
3101 3144
1593 1601
2685 2705
1410 1430
974 1016
3073 3091
2909 2922
2768 2780
974 1013
2922 2934
1582 1593
878 904
935 962
1390 1410
975 976
3101 3143
1946 1967
2891 2915
590 610
2974 2975
413 421
2610 2645
2118 2142
1036 1087
323 330
185 197
787 837
2456 2495
2509 2558
1510 1538
940 978
2032 2057
2976 2977
1216 1248
2123 2149
399 405
3100 3121
511 527
2451 2468
1154 1189
951 990
1933 1955
432 440
2799 2811
1642 1650
3353 3354
3158 3187
2449 2484
564 565
1025 1071
1329 1361
2169 2184
1730 1738
1267 1279
786 809
2508 2531
2901 2912
1359 1405
38 73
1112 1146
1678 1687
2007 2029
2552 2576
2385 2405
2065 2084
2760 2774
830 856
2986 3001
2713 2722
1579 1590
3159 3229
1527 1556
2943 2945
1742 1750
2253 2268
2238 2255
2422 2443
2018 2039
1786 1796
1842 1872
2083 2109
2071 2096
2093 2120
201 218
1066 1095
1806 1825
3100 3122
3255 3308
1715 1716
1682 1683
2031 2056
2584 2614
1464 1552
3216 3217
2047 2067
1601 1602
3028 3042
853 899
965 1043
2047 2090
156 170
1909 1910
530 562
2012 2036
1493 1548
2808 2821
2574 2602
1433 1504
1150 1184
1819 1844
660 711
796 819
2005 2108
1204 1240
719 720
1918 1939
155 168
1771 1772
1619 1641
3050 3065
3135 3152
84 104
435 442
1944 1983
14 57
2378 2395
2984 2997
2518 2605
2491 2514
2683 2698
1122 1211
2596 2626
2710 2720
905 957
881 944
2309 2342
2833 2834
1977 1999
1663 1673
2838 2849
714 729
2549 2572
1360 1383
217 226
2104 2130
784 825
1413 1460
2782 2794
489 525
3352 3353
3263 3349
2597 2629
2080 2106
497 515
2369 2387
2790 2802
419 420
210 220
175 186
779 780
2199 2200
2234 2235
2189 2223
2436 2437
2804 2805
810 811
2140 2180
2001 2022
1367 1387
2868 2869
2888 2889
3302 3334
2761 2775
970 1012
1412 1436
1779 1786
1443 1469
2074 2100
2400 2423
2798 2809
2631 2632
3148 3149
2435 2471
907 931
1531 1560
96 114
3137 3191
1721 1728
832 858
1070 1100
1243 1244
259 267
842 868
2339 2357
2996 3013
605 676
2121 2146
1494 1521
415 423
177 178
2183 2184
145 158
119 136
1316 1345
755 776
921 954
3010 3027
1893 1920
2911 2926
2882 2895
2884 2897
893 923
2920 2933
293 302
1775 1784
2354 2372
727 760
166 179
939 977
1388 1407
1409 1429
1174 1214
2715 2725
271 281
2941 2956
831 887
2594 2623
854 882
530 561
488 517
2398 2418
1524 1553
1124 1169
1029 1072
808 835
1338 1352
2457 2475
1589 1600
1980 2003
788 811
1218 1270
2107 2132
3136 3190
356 363
457 466
1794 1803
68 90
2767 2779
1164 1210
2530 2556
481 494
1 22
1077 1109
2818 2831
3043 3044
1385 1408
677 693
2981 2991
623 657
659 694
3087 3107
966 1000
2540 2588
203 211
1032 1076
1280 1281
2898 2899
594 613
1037 1038
597 598
1651 1661
1743 1751
1300 1336
1963 1982
1476 1502
3133 3149
278 294
1191 1226
79 94
607 627
282 297
2973 3002
2726 2736
1788 1797
3140 3164
2985 3014
3017 3047
2735 2748
131 146
164 176
99 120
2087 2112
1457 1484
2026 2050
2903 2914
2281 2298
2089 2114
2474 2493
2262 2263
2153 2168
2607 2632
522 542
1937 1959
1922 1942
1529 1557
1926 1941
2447 2463
1082 1125
1466 1524
1574 1575
2336 2349
2828 2842
2420 2438
630 649
1442 1468
2864 2877
1377 1398
2031 2055
2584 2613
1061 1090
471 472
2769 2781
1867 1895
1084 1127
451 452
2961 2970
2923 2935
604 620
744 781
2318 2347
1230 1260
132 147
540 558
2258 2259
2230 2248
2930 2938
2639 2691
3066 3095
3357 3358
115 128
1648 1666
1724 1738
2657 2682
2236 2250
1151 1185
3318 3360
373 378
299 300
2261 2274
2222 2240
2296 2312
2402 2425
1927 1928
909 978
1435 1485
2118 2141
715 749
2266 2299
81 101
1752 1770
1136 1179
1618 1625
3139 3161
754 797
2087 2137
1907 1947
1826 1852
1972 1994
3016 3031
651 671
3085 3104
3186 3225
194 205
279 287
910 943
1765 1773
2190 2208
2730 2743
2215 2231
1986 2009
2392 2412
2856 2866
383 385
431 455
1839 1868
644 663
2624 2663
2097 2125
3306 3340
2942 2957
880 911
1391 1414
2527 2553
1363 1364
2829 2830
463 487
2252 2282
833 834
1722 1723
425 426
1913 1955
2731 2745
557 558
746 767
237 247
1732 1740
669 706
2549 2571
988 1039
2750 2762
1035 1086
3276 3320
86 108
184 206
202 220
865 924
2158 2193
1636 1637
2587 2618
503 504
2550 2573
285 286
2772 2773
582 602
1776 1777
412 430
1356 1379
351 352
1894 1895
2188 2220
623 655
2863 2875
3232 3233
2770 2784
2827 2841
2814 2823
3051 3070
770 771
3307 3341
861 862
968 1002
3155 3172
890 947
2892 2905
679 698
2294 2310
2489 2511
0 20
3160 3189
1583 1585
2702 2703
2053 2073
1805 1823
922 923
286 287
1490 1544
841 894
224 232
3039 3058
1481 1513
2855 2866
1399 1425
2449 2467
2435 2455
117 133
2376 2448
443 462
3158 3228
2261 2275
1571 1586
1157 1205
973 1015
1172 1249
2819 2832
1178 1221
3271 3359
3098 3128
3204 3292
1705 1711
2226 2244
3208 3239
2431 2432
871 872
3207 3238
3280 3324
17 39
2757 2766
1829 1858
2135 2159
103 124
1591 1599
1137 1181
2646 2676
614 615
495 507
2839 2850
2824 2835
2450 2468
783 801
3097 3110
21 44
126 172
198 208
3254 3342
2708 2715
3328 3329
3024 3060
2370 2371
2394 2395
2608 2666
2110 2172
2365 2383
1079 1147
1285 1307
1711 1717
454 468
1280 1298
941 979
2297 2314
1685 1686
2288 2319
251 260
1761 1762
15 29
1094 1139
1317 1333
1357 1381
2301 2315
1455 1540
2541 2566
2684 2703
680 681
2237 2254
3006 3018
1219 1254
2771 2785
337 343
2520 2544
2616 2654
689 690
1024 1069
3004 3005
244 252
2189 2206
2501 2502
556 573
2393 2415
1163 1209
1824 1850
1628 1637
1769 1777
2519 2545
692 725
2231 2248
2497 2538
1482 1514
3045 3063
891 1020
2727 2751
1830 1884
1392 1439
1790 1811
1034 1085
1595 1605
587 640
853 901
3179 3219
920 952
721 738
1809 1810
3214 3279
1679 1687
477 490
2368 2386
2595 2625
2951 2963
1338 1353
154 167
2128 2129
2361 2362
564 580
1266 1290
1096 1097
723 742
1325 1355
1428 1450
3102 3125
1798 1810
2325 2341
513 514
2162 2177
1828 1877
316 317
1530 1576
596 636
1326 1341
1422 1444
245 246
1073 1104
2611 2647
619 639
1186 1187
1613 1631
3176 3201
2937 2949
2321 2350
1620 1621
3035 3054
1091 1215
579 599
67 87
1950 1951
1693 1698
2837 2847
3083 3103
2954 2955
265 266
3119 3138
1546 1547
823 824
2351 2366
2021 2043
2660 2689
496 547
3314 3355
2524 2526
1301 1302
2061 2082
230 238
2246 2263
465 472
362 367
272 281
338 339
33 77
102 123
2740 2753
1667 1675
1107 1143
754 774
2174 2192
806 827
1350 1368
1781 1791
1857 1882
2162 2178
1973 1994
2306 2323
1339 1375
1886 1953
2510 2534
3049 3079
1133 1250
841 866
2252 2267
1596 1606
36 69
377 378
1378 1400
1671 1672
793 815
2277 2293
625 626
643 662
2719 2745
1753 1762
1491 1545
1788 1795
311 312
384 389
2340 2341
1667 1669
1492 1548
2872 2897
1313 1341
366 367
1509 1568
2163 2179
2807 2831
3071 3089
1808 1859
2995 3027
892 954
2338 2372
1699 1707
306 312
1834 1891
1990 2013
1370 1393
1875 1903
756 757
2210 2227
1027 1102
1684 1701
1692 1708
1604 1622
2440 2458
2500 2542
728 768
697 732
1745 1763
3281 3326
3135 3194
3235 3290
1670 1680
1748 1756
3144 3145
1354 1376
2443 2462
2360 2377
1706 1713
737 757
445 452
1351 1372
1331 1345
500 569
2639 2693
1511 1512
2006 2027
1437 1459
1774 1782
2195 2213
1764 1766
1603 1617
1105 1144
2008 2009
634 653
264 274
1477 1534
766 789
1093 1182
980 981
1271 1272
3182 3288
1577 1588
1294 1306
572 591
1344 1364
1945 1966
2221 2239
1229 1258
1234 1263
2049 2050
1957 1979
1917 1939
2098 2127
589 608
3191 3192
3261 3350
1664 1665
1305 1318
1321 1322
716 730
2081 2106
950 989
1739 1746
972 1059
667 668
2066 2115
2205 2241
570 584
2191 2192
2643 2673
747 767
1950 1995
1446 1447
1471 1472
2441 2460
2329 2344
575 576
2126 2151
2649 2680
2119 2143
531 532
2288 2304
300 301
2102 2103
2013 2060
2181 2182
2054 2075
366 379
389 403
37 92
1888 1936
2289 2303
231 232
347 348
2034 2060
2271 2272
182 183
1840 1897
696 724
1932 1974
934 995
1905 1941
1122 1212
2033 2079
2528 2577
2729 2754
535 537
3258 3345
3084 3126
3134 3168
2421 2461
2959 2961
2401 2445
467 469
1297 1299
64 94
2408 2409
96 113
3259 3346
3049 3078
3036 3074
3180 3286
538 568
659 693
1477 1533
741 743
3069 3106
18 74
3033 3062
2497 2498
520 552
193 213
478 506
3302 3335
1433 1474
1629 1638
415 417
1130 1132
1264 1265
3020 3046
3254 3341
241 243
500 501
685 686
3096 3110
603 620
142 151
826 848
529 546
782 801
712 741
1626 1633
435 437
2902 2927
474 476
1308 1310
3066 3094
2279 2307
1880 1923
2604 2606
97 127
1365 1367
276 277
1465 1523
2042 2045
1001 1046
2295 2327
1826 1851
554 583
800 803
2698 2699
2980 2981
76 78
3077 3080
171 173
1943 1981
1367 1386
2306 2308
33 76
1475 1476
1324 1366
1412 1486
1452 1475
1651 1653
397 399
3154 3196
1061 1063
699 718
118 149
153 182
526 529
380 382
2999 3000
1292 1315
2639 2692
2019 2020
2919 2960
885 886
1640 1645
228 229
1158 1242
2005 2044
2843 2844
2851 2853
855 913
965 1044
853 900
877 927
765 812
216 233
1854 1875
163 199
1193 1257
1195 1259
1561 1587
3114 3146
3153 3193
3203 3289
963 1041
876 925
933 993
1492 1543
2 45
16 59
100 137
1176 1269
816 889
2110 2155
2384 2426
2937 2939
1083 1170
3109 3112
3242 3327
139 142
1814 1836
1889 1914
3182 3287
3030 3032
1132 1173
1612 1615
2134 2187
1519 1520
115 126
570 582
2982 3004
1180 1181
2409 2429
3048 3061
3081 3093
2993 3003
678 709
1934 1935
763 778
804 822
198 200
2428 2430
376 398
571 601
1063 1131
1300 1321
1660 1662
1134 1256
1370 1440
1736 1738
2346 2396
1369 1407
2994 3030
263 269
1873 1874
585 600
1484 1516
1943 1961
2315 2330
2793 2794
591 592
1323 1334
1311 1335
1448 1451
805 847
983 1018
2539 2561
539 574
2025 2070
2728 2754
606 647
2759 2786
938 1017
1944 1981
424 428
270 290
632 648
778 782
3266 3351
229 235
277 283
949 1019
605 638
900 903
1411 1449
2083 2085
2131 2133
3118 3162
984 1103
2738 2746
26 27
896 897
2492 2493
2562 2604
143 150
502 535
374 381
1404 1405
2086 2131
3093 3096
3151 3167
1611 1624
1505 1532
3006 3016
116 140
1283 1288
1432 1448
450 461
200 207
1176 1255
2085 2107
292 313
1022 1141
2464 2465
1703 1704
3061 3064
1737 1744
204 205
2016 2017
898 902
1206 1247
250 276
1647 1668
2204 2219
2424 2425
1863 1865
1295 1307
2197 2198
961 994
600 603
2265 2278
80 112
2640 2692
1707 1714
2352 2382
2365 2367
1579 1589
1828 1876
1358 1404
2308 2321
2207 2225
578 593
1827 1853
32 62
1395 1396
1964 2002
2465 2479
1646 1651
2389 2391
2630 2634
2690 2694
24 25
1327 1328
3001 3002
936 1060
2806 2815
609 610
687 703
1677 1695
1985 2030
2173 2209
2391 2407
2353 2388
221 228
1866 1921
2110 2157
2532 2558
883 914
730 750
83 125
2431 2469
2501 2545
1597 1607
1374 1375
1406 1409
2255 2270
852 870
476 486
2004 2023
382 386
2279 2292
1971 2016
3059 3060
2972 2979
2311 2312
1813 1865
1610 1624
3311 3312
1644 1646
60 61
1635 1639
1726 1749
2950 2980
738 758
2403 2404
2778 2788
370 375
2665 2706
2659 2687
284 315
2147 2148
129 139
854 945
1923 1924
3115 3132
2430 2446
785 847
1115 1152
1906 1961
3068 3106
3212 3322
2157 2171
2642 2696
2586 2654
444 453
400 409
588 628
2028 2052
2144 2167
2570 2628
2374 2390
987 1088
2883 2896
971 1059
2658 2705
2720 2733
450 467
1441 1526
2352 2397
2426 2427
2699 2709
2908 2918
795 869
2920 2958
2940 2978
223 241
3020 3029
623 637
727 740
1768 1785
2826 2850
183 191
387 392
186 197
1803 1804
3171 3195
2284 2285
165 189
2674 2675
1126 1127
243 248
2641 2695
2585 2653
997 998
2843 2852
3129 3130
928 929
2718 2744
2913 2914
35 91
1192 1223
554 568
1623 1626
2236 2251
66 109
2537 2539
1704 1710
480 493
97 111
1970 2015
417 422
406 411
2345 2359
393 415
2058 2059
671 691
1167 1168
137 138
2363 2380
2472 2488
2506 2525
2713 2714
3197 3198
690 691
2110 2133
575 578
280 288
147 159
1957 2000
2475 2495
144 170
736 777
2168 2185
3033 3046
1113 1148
361 368
464 473
2562 2578
2590 2591
106 107
807 860
2280 2314
2439 2478
772 814
2739 2742
2939 2948
2440 2460
449 454
469 474
2637 2670
2548 2569
3226 3227
3237 3291
3131 3147
3178 3285
918 946
3173 3199
437 441
1299 1308
2033 2058
28 56
2940 2967
2789 2812
3023 3059
2507 2593
712 724
215 222
341 346
1183 1188
331 336
1026 1102
1397 1446
1421 1471
433 434
1750 1758
2810 2822
959 960
3338 3339
1306 1307
1532 1535
1056 1057
632 666
1023 1067
1044 1045
1627 1632
3298 3299
88 89
1456 1517
134 135
1627 1639
2 23
925 927
3255 3341
40 41
3036 3076
1033 1110
216 225
31 59
3257 3345
2592 2621
2045 2063
2667 2668
1845 1846
1081 1145
949 1061
1047 1048
855 915
3174 3200
3213 3323
2921 2947
3231 3235
828 846
1480 1539
298 303
355 360
327 332
1236 1237
2957 2958
2420 2470
1582 1608
1175 1264
1275 1297
1629 1630
3156 3225
3241 3301
3084 3104
19 42
1827 1851
162 171
1203 1240
168 180
1221 1222
121 138
352 353
1657 1658
1832 1860
2554 2555
2763 2776
2801 2812
2854 2886
2946 2947
3117 3166
516 536
239 240
253 254
1650 1658
64 75
2905 2916
659 673
744 759
696 708
1477 1501
765 790
641 656
1780 1789
3283 3284
1021 1130
772 838
1202 1239
1847 1848
2854 2876
2498 2515
538 552
304 309
346 350
257 262
321 326
365 369
1880 1902
1654 1659
418 435
2358 2375
491 492
2802 2803
2837 2857
71 72
2363 2364
1207 1208
1237 1238
1318 1333
3335 3336
3336 3337
3345 3346
357 358
458 459
1356 1402
1495 1522
611 612
1053 1054
1680 1681
1747 1755
1789 1797
990 1040
3240 3300
1009 1055
318 325
1140 1141
2228 2229
318 319
953 992
775 799
3221 3222
4 5
5 6
8 9
10 11
11 12
46 47
50 51
84 85
207 214
314 320
335 340
349 354
359 364
478 479
684 703
703 719
733 751
769 793
932 933
1003 1004
1004 1005
1005 1006
1006 1007
1007 1008
1122 1123
1158 1159
1160 1161
1193 1194
1195 1196
1198 1199
1199 1200
1500 1530
1817 1818
1819 1820
1821 1822
2094 2095
2249 2264
2349 2365
2528 2529
2649 2650
2853 2861
2868 2878
2898 2907
3021 3022
3180 3181
3205 3206
3206 3207
3209 3210
3222 3223
3243 3244
3244 3245
3245 3246
3246 3247
3250 3251
3259 3260
3264 3265
3267 3268
3269 3270
3272 3273
629 648
935 1042
1840 1841
2487 2505
2746 2755
2917 2929
2620 2655
1561 1562
1841 1871
1496 1551
1340 1355
2356 2373
3275 3319
3009 3026
1910 1911
2836 2857
2881 2893
2910 2924
699 700
2493 2514
1455 1514
1832 1833
1859 1885
2626 2664
819 845
1170 1171
2927 2928
2200 2201
1063 1064
663 683
483 484
1286 1287
664 665
791 792
2010 2011
733 734
2328 2329
2566 2567
1783 1793
1967 1989
2240 2257
2687 2688
2618 2619
560 576
3118 3192
1705 1712
328 333
1734 1735
2303 2304
2333 2334
1076 1106
767 792
1728 1735
820 821
2503 2504
1929 1930
2160 2161
1676 1683
1697 1716
635 654
1572 1586
1935 1936
1597 1598
2126 2150
1726 1733
858 887
868 869
1799 1800
515 534
1516 1542
1108 1142
2763 2764
1274 1281
2893 2894
2924 2925
1766 1773
484 498
1890 1891
2081 2082
2129 2130
1712 1713
1733 1734
1669 1676
2289 2290
872 874
2324 2340
652 672
1400 1401
1725 1731
2526 2548
260 267
890 918
258 272
338 342
1759 1764
419 421
15 58
238 239
2847 2848
840 862
2392 2433
1790 1799
343 348
688 689
252 253
3113 3129
2666 2667
2301 2302
3008 3024
2450 2486
3292 3293
1976 2020
1467 1498
2490 2511
3136 3160
1035 1129
2551 2573
2135 2158
174 184
192 202
1564 1566
706 722
1722 1729
2068 2092
2817 2829
449 455
383 388
658 674
3120 3139
1947 1968
1343 1364
1417 1418
2153 2154
2262 2274
294 302
597 618
1337 1347
494 509
1580 1600
1356 1380
2677 2678
2369 2406
1526 1554
957 958
1456 1483
2997 3013
2294 2309
1998 2020
1816 1837
439 440
3256 3308
218 226
1642 1643
565 566
496 511
2966 2976
291 298
2700 2711
2136 2176
1155 1226
1554 1556
1900 1902
2113 2139
2040 2061
2332 2333
2243 2260
3052 3092
2188 2203
3343 3344
1121 1165
256 257
1343 1384
2211 2245
1908 1949
1779 1788
2517 2537
1508 1566
2216 2217
2862 2873
1760 1778
2483 2523
549 550
705 739
1937 1958
541 559
408 409
2286 2287
161 162
1253 1279
503 543
2331 2348
1252 1279
1276 1286
1304 1318
1812 1864
1608 1616
2412 2453
330 334
1277 1286
2041 2062
1742 1751
2963 2964
2611 2678
1803 1815
1916 1938
1862 1891
2040 2062
1932 1954
1689 1702
1719 1731
