1454 1704
1525 1971
1756 1917
3154 3216
3256 3725
3261 3557
3306 3307
4093 4283
3444 3767
3677 4245
3731 4109
684 1031
987 1097
1431 1551
2160 2235
4600 4686
4744 4837
257 290
3678 3856
782 900
1433 1553
1878 2031
2806 2837
3213 3307
1433 1690
3343 3853
3347 4245
3734 3905
3791 4507
3932 4126
2195 2323
4206 4371
5197 5284
2072 2318
3821 4372
4207 4576
4372 4576
2976 3063
3143 3609
1872 2127
549 598
700 817
704 818
1326 1971
1448 1568
1905 2236
270 288
5371 5394
1488 1633
3894 4105
3730 4108
1272 1374
2833 2864
3676 4244
3249 4093
3342 3508
3378 4078
3508 4240
4068 4265
3553 3725
4743 4832
1879 2137
4879 4915
4919 4979
2970 3161
3093 3306
3857 4245
4379 4501
5135 5172
5262 5263
4675 4728
3297 3600
5067 5173
417 519
791 1027
1472 1949
1618 1793
4735 4825
4566 4660
2369 2371
1455 1872
2061 2300
1600 2079
775 895
1447 1567
3146 3208
3247 3538
4053 4243
2236 2294
1341 1480
4530 4619
1907 2057
3249 3394
3262 3418
3292 3937
3534 4079
3554 3726
3665 3842
3988 4177
4323 4442
4491 4492
3751 3921
4831 4872
5213 5214
686 911
1425 1533
1427 1847
3787 4135
555 613
1327 1526
2924 3107
3086 3610
699 926
776 896
1000 1128
3345 4243
3348 3856
4094 4284
4095 4285
4096 4286
4097 4287
2702 2754
3788 4136
5174 5176
5120 5185
3133 3184
4210 4492
2087 2279
605 791
1463 1583
882 997
3981 4457
2338 2402
3260 3410
3501 4046
3647 3828
5376 5394
2058 2164
3260 3729
3732 4110
3778 3942
484 519
2929 2952
2974 3108
4599 4741
2961 3079
4600 4742
1022 1146
1685 1848
2081 2196
4325 4618
469 472
1833 1980
1449 1569
1450 1570
1465 2137
1741 1905
3844 4229
3964 4420
2990 3124
3490 4039
1430 1687
3263 3739
443 517
807 1042
1462 1876
2158 2233
2379 2577
5225 5280
1467 1585
3701 4078
4162 4709
3248 3539
4040 4391
4596 4728
704 1050
510 669
4581 4582
2486 2615
476 560
3295 3771
5066 5173
2925 3063
4435 4750
2965 3042
3007 3052
1 67
1463 1877
3030 3122
879 1092
1232 1798
5368 5387
1606 1939
3525 3690
4031 4379
1429 1686
1921 2177
4606 4749
32 113
4809 4846
2861 2875
3276 4119
3346 4244
3492 3665
3493 3666
4050 4240
196 199
1231 1523
3279 3434
1596 1891
3560 3904
3434 3436
1450 1869
4127 4130
2742 2793
1428 1685
1130 1248
1738 2233
5136 5138
1084 1091
4986 4987
3682 4060
772 1136
1602 2323
349 423
1831 1978
3134 3598
998 1489
3382 3705
3557 4109
4347 4552
886 1252
2922 3042
13 78
3466 3804
3350 3680
3257 3554
2339 2403
3516 3684
1899 2052
1449 1868
1760 1921
3244 3366
3645 4025
1525 1823
1754 2067
1901 2054
2975 3107
3204 3610
3349 3679
3381 3704
1454 1871
3226 3474
4730 4861
3244 3527
4547 4640
4374 4378
676 1148
1774 2077
3380 3703
3491 4391
720 947
769 1090
3667 3843
452 490
585 749
702 1048
1464 1878
1468 1882
3259 3728
2343 2407
703 1049
1352 1490
3278 3435
1737 1901
3275 3750
3379 3702
991 1213
4358 4564
4734 4787
3044 3149
3085 3203
1968 1969
652 742
1599 2180
2827 2857
4438 4696
1432 1552
3570 3916
2956 2957
2380 2578
3789 4137
14 109
1732 2049
1119 1347
1448 1867
3576 4119
12 77
3072 3174
4811 4884
2398 2593
3993 4346
5114 5116
3144 3209
3168 3328
1442 1699
3192 3767
3377 3700
137 152
1467 1881
5061 5129
3648 4028
1326 1416
477 561
3135 3298
4017 4204
3462 3944
3622 4143
806 1280
3659 4217
399 458
549 668
1594 1890
896 1015
1466 1880
2670 2721
3138 3604
3196 3297
1116 1344
2080 2197
3137 3300
5085 5087
1600 2193
5122 5196
1740 1904
3258 3555
716 1062
878 1084
3301 3604
3603 3774
1795 1952
2424 2660
2921 2997
4431 4607
1447 1866
5185 5190
3245 3528
3284 3438
5031 5098
781 1019
3351 3681
3585 3759
4624 4709
1507 1510
1561 1698
4009 4198
4520 4609
3373 3696
3001 3094
2377 2538
3253 3549
3264 3740
990 1212
1121 1631
1129 1247
1108 1310
2426 2686
3225 3473
418 485
1473 1618
1597 1892
1107 1309
3272 3572
113 152
4322 4699
1335 1953
4917 4976
5153 5193
782 1020
2946 3109
3343 4051
2074 2186
1329 1664
3271 3571
3374 3697
604 790
644 842
5324 5326
3352 4060
3556 4108
804 1278
3647 4027
1430 1550
3438 3584
35 123
1462 1582
1465 1584
3251 3546
1607 1940
3004 3097
1593 1889
3015 3109
3992 4345
1771 2188
3988 4341
95 129
1109 1311
4597 4676
768 1089
3344 4052
3652 4032
1325 1524
809 1283
4024 4212
4595 4674
3285 3759
1751 2064
989 1211
895 1014
774 1013
4167 4537
1750 1912
1553 1853
4324 4701
3995 4348
3824 4491
2556 2673
3822 4208
572 733
658 750
1240 1346
3353 3683
805 1279
3945 3946
3281 3581
3991 4344
2968 3055
4008 4197
2381 2579
613 688
534 747
4010 4199
1470 1791
974 978
1803 1964
3136 3299
1742 2295
4011 4200
1431 1851
571 841
1471 1792
1749 1911
4001 4354
2559 2726
1764 2317
3002 3095
5024 5026
57 114
1752 2065
4329 4706
10 75
528 851
881 1205
5340 5342
988 1210
1734 2051
36 91
1432 1852
4062 4253
180 182
3356 4254
1544 1843
4614 4698
3005 3098
4331 4623
1097 1209
4002 4355
8 73
1459 2026
1604 2198
2328 2329
47 102
3089 3145
5056 5058
1768 2185
3430 3573
3823 4209
328 377
880 1204
608 794
4594 4725
1767 2184
1773 2076
3003 3096
3999 4352
4000 4353
2367 2460
1105 1395
442 762
3621 3796
202 204
1727 2045
80 134
2573 2574
3955 4410
2192 2266
1678 2113
1197 1200
3267 3425
4950 4978
922 1285
1694 2004
4820 4858
2668 2760
335 337
3950 4405
5276 5294
5004 5072
41 96
715 940
1775 2267
5380 5401
1537 1983
2374 2416
636 723
1707 2024
285 303
812 1286
3033 3242
5179 5182
3976 4158
2116 2118
3120 3236
3754 4125
1908 2166
481 622
4533 4710
798 915
984 1296
640 727
2476 2477
1531 1977
1538 1674
1577 1709
1589 1719
2431 2502
4219 4388
1546 2217
3413 3558
786 1269
4602 4834
3998 4469
1047 1170
1590 2039
4630 4631
4058 4248
4729 4822
4868 4869
5356 5387
1926 2256
1720 2220
903 904
5344 5399
5211 5242
308 309
5078 5079
2777 2790
3987 4638
3792 4508
3420 3421
917 1381
1158 1276
2314 2316
4330 4708
4185 4468
4691 4795
3563 4117
2788 2804
947 1066
4214 4497
567 628
1576 1706
2755 2756
2290 2291
1408 1409
1933 2190
3956 4411
1362 1505
3626 4146
1661 1972
887 1500
5201 5229
2388 2443
4792 4834
4004 4193
931 1173
4057 4247
986 1298
5154 5223
5383 5392
990 1302
2006 2007
197 198
1403 1519
3716 4092
3119 3484
5248 5270
1872 2022
1646 1813
715 1059
479 696
2429 2501
4012 4201
3429 3747
4445 4704
407 466
2345 2460
3890 4289
334 356
2019 2125
2764 2765
5091 5092
1133 1251
4881 5010
1556 2003
4185 4647
4588 4719
1682 1992
2367 2409
642 728
1744 2165
121 149
1726 2044
1137 1506
3893 4102
2393 2448
381 382
1595 1725
1834 1981
1052 1177
5141 5244
3383 4082
4969 5028
3018 3019
383 499
2942 2997
200 215
1215 1305
4731 4904
1412 1818
2476 2710
3656 3836
5383 5391
3050 3051
1457 1577
4613 4697
521 568
4019 4575
334 357
4594 4672
4685 4830
7 21
201 216
4202 4366
4615 4756
4812 4954
3075 3238
3776 3939
3760 3934
2356 2389
2440 2584
2498 2687
2363 2403
226 300
1102 1214
770 1010
4018 4205
1103 1215
2914 2959
2953 2982
4191 4560
2381 2435
2182 2257
48 103
3385 3386
1715 2033
4774 4815
4985 5016
1841 1988
1057 1182
935 1179
2571 2739
2619 2620
4015 4483
4020 4489
4968 4999
4972 5004
5089 5144
4039 4222
639 726
1337 1955
2941 3039
506 546
2195 2324
2264 2321
637 833
865 971
3424 3425
1084 1202
3950 4300
1236 1626
2556 2616
1448 2015
1622 1797
3110 3164
1354 1640
2430 2432
442 870
40 128
1460 2132
3126 3180
5157 5282
3170 3820
3655 3835
5178 5209
2853 2880
2492 2680
1716 2034
2281 2282
2342 2365
1763 1923
30 80
3195 3770
3997 4186
2731 2772
2484 2613
34 148
3625 3799
11 106
822 1181
831 949
1536 1835
5239 5240
5389 5392
1543 1842
3325 3638
3219 3220
1843 1990
1224 1402
830 948
2744 2825
2842 2884
3945 4298
4189 4470
1992 2217
1159 1507
4691 4744
3088 3144
3847 4232
2394 2517
5194 5297
1249 1250
3909 4116
538 539
660 751
4165 4333
51 105
3123 3339
1041 1281
1327 1417
5045 5077
5089 5187
2493 2681
3477 3639
4586 4664
618 802
42 43
756 973
717 828
1913 2065
1773 1934
2632 2691
491 581
1244 1351
5161 5200
2958 2987
2899 2911
4959 5020
3287 3588
593 594
3333 3334
3398 3719
120 122
939 1183
3329 3819
3122 3176
3983 4173
979 1197
766 976
4490 4579
1104 1306
1676 1984
267 284
5091 5199
239 272
656 747
2080 2082
1599 1925
807 920
3319 3633
2904 2920
888 1009
1300 1388
536 861
1528 1826
1441 1698
900 1021
1101 1213
822 1056
4820 4898
2494 2682
2518 2519
3652 3833
729 1075
4003 4192
3552 3896
2570 2736
4813 4924
4178 4463
5134 5170
3081 3084
2355 2603
1903 2056
37 63
5300 5330
5156 5281
29 108
4424 4512
1592 1721
84 116
1705 2128
534 857
1043 1387
3529 4072
3368 4072
3300 3602
146 220
1841 2111
1060 1185
2001 2120
339 499
546 595
1110 1400
2338 2362
3117 3331
4302 4504
5355 5366
3463 4311
64 126
639 1073
141 143
922 923
3461 3780
971 1083
3128 3182
5299 5311
1699 1861
3829 4028
1883 2036
4840 4875
3402 3722
5128 5163
4805 4841
833 1070
3439 3929
4171 4541
3238 3239
2566 2625
930 1172
2662 2712
2545 2662
961 963
1539 1838
4862 4902
1209 1299
1328 1825
1572 2018
728 1075
5152 5294
4410 4508
343 365
1609 1785
670 759
111 135
1545 1844
1024 1149
4967 5057
328 351
2538 2606
2491 2679
3625 4419
719 829
1526 1824
1436 2122
4018 4485
1036 1375
4850 4886
2166 2299
1246 1353
1438 1558
3955 4138
487 523
3830 4029
3416 3904
3034 3243
3034 3127
2490 2563
2618 2724
727 836
2699 2750
4894 4994
2717 2759
567 627
1594 2148
3013 3020
1989 2112
223 238
3784 3947
2396 2450
1122 1349
1470 1615
1931 2075
107 131
1730 2225
1691 2121
549 550
4677 4865
1525 1972
4330 4623
684 796
448 569
1877 2134
4680 4866
2419 2603
554 912
1758 1919
2188 2262
4900 4938
2490 2678
1864 2012
4340 4341
3796 3958
1757 1918
3372 3530
951 1070
3031 3178
3985 4339
2475 2709
2609 2610
520 628
2452 2647
1126 1637
1576 1873
4677 4733
526 578
1155 1156
633 713
673 874
1681 1991
5166 5203
5094 5231
4616 4757
5065 5099
735 844
4132 4297
665 666
3138 3200
3415 3734
2431 2432
5088 5115
4880 4916
1655 1816
5255 5283
3977 4158
44 69
1770 2261
937 1181
1866 2014
4781 4900
602 975
4595 4727
3395 3717
2628 2739
1542 1988
1469 1789
4895 4932
2575 2631
24 71
1680 1990
4976 5042
427 428
3388 4087
12 107
5314 5315
765 873
1862 2010
2085 2200
5121 5191
1855 2002
3753 4123
2865 2938
892 1362
5378 5397
1421 1828
2942 3081
681 907
1590 1886
3626 3963
3505 4234
1714 2136
1728 2222
579 740
3651 3832
1588 1718
42 68
1609 2203
663 757
812 1287
2809 2825
2198 2272
1133 1253
882 996
4776 4817
494 496
1724 2147
2410 2411
27 131
4603 4793
1090 1201
249 284
15 128
1214 1304
679 1152
4693 4748
1717 1882
3623 3960
936 1055
1728 1893
5126 5229
737 847
1322 1657
4326 4703
5367 5399
1331 1332
1906 2296
4445 4760
3992 4181
2733 2775
3288 3760
611 1032
4910 4946
1278 1379
1876 2029
774 894
1795 2097
1883 2141
1673 1836
2375 2535
1780 1937
4335 4453
2964 3082
4146 4311
195 224
662 753
872 873
5348 5361
3861 4060
4921 4953
2232 2292
3908 4114
3596 3769
4521 4610
3990 4179
1711 2027
4489 4577
3262 4115
426 433
4001 4190
986 1208
2040 2287
4718 4846
5102 5171
2495 2683
3327 3816
1534 1979
2813 2830
1228 1407
232 243
2779 2822
2472 2607
1079 1080
1580 2132
1722 2219
2459 2601
5127 5232
3801 3963
2577 2634
941 1060
1109 1399
4174 4458
2551 2613
1725 2043
200 212
2469 2602
70 100
5049 5081
2549 2717
1692 2002
575 648
2790 2806
680 790
423 454
2485 2614
1108 1220
2213 2216
606 607
4188 4648
4 45
3233 3331
3535 3878
35 150
1004 1495
3570 3745
3551 3723
3196 3296
3008 3053
1897 2048
1140 1367
5035 5132
313 368
1560 1859
2444 2513
3824 4023
2178 2252
5266 5292
2542 2543
1275 1513
2854 2869
1942 1944
2802 2814
777 897
3190 3594
829 1065
4021 4373
908 1034
907 1156
2993 3129
2070 2254
879 1203
3613 3940
1547 1683
3735 3907
1288 1289
2827 2858
1139 1366
800 802
341 343
4376 4496
1472 1617
5304 5324
1765 1766
1469 1613
4928 5053
1722 2145
3229 3477
2376 2604
3383 4079
4223 4392
3617 3781
3272 3429
1765 2182
2043 2149
867 868
4857 4935
3193 3597
1005 1498
3332 3644
4475 4562
739 848
3293 3595
4457 4632
3679 4056
5362 5372
2520 2591
1616 1792
4861 4901
4920 4981
5052 5084
4729 4938
2976 3019
993 1115
1559 2007
2540 2656
1485 1966
609 909
6 24
1059 1184
3325 3977
5334 5370
557 799
297 298
4960 5054
2154 2226
3367 3528
1455 1575
2032 2137
1755 1916
2356 2444
2678 2730
1328 1418
347 367
4696 4753
15 39
5310 5313
3390 3540
2971 3106
504 505
4858 4936
2802 2830
4554 4644
1839 1986
2179 2253
3511 3678
1591 1887
1774 2191
2330 2348
3424 3567
3794 4412
52 132
3404 3895
3464 4315
1733 2050
3000 3211
474 507
1226 1404
792 1029
983 1293
1667 1829
3953 4407
1586 2139
4308 4416
1581 1875
3521 3864
978 1198
1628 1965
548 596
5225 5279
4975 5006
1423 1532
3499 3670
3605 3606
2220 2287
5093 5232
3663 4392
4176 4177
4551 4642
4522 4694
3167 3224
3178 3489
3997 4350
2867 2878
1601 2194
3790 4505
3663 4390
3708 4084
1540 1839
2785 2801
375 458
4918 4951
4789 4828
1355 1645
1893 1894
22 103
286 302
445 482
2572 2740
1309 1397
2497 2738
5148 5184
1895 2151
704 1174
466 497
3427 3744
780 898
1492 1493
4804 4842
3722 3892
2383 2581
1007 1253
194 209
4863 4904
999 1638
2425 2711
1838 2110
203 204
1718 1884
1753 2066
4678 4734
4681 4868
3657 4385
3253 3400
3255 3405
5332 5333
3282 3582
2391 2700
3312 3314
698 1168
3621 4142
1037 1377
3860 3861
4782 4860
3654 3834
983 1294
4818 4856
3646 3827
157 171
208 255
3901 3902
2783 2812
1466 2138
4996 5027
1445 1565
2482 2483
2445 2751
2539 2607
1865 2013
2046 2047
1123 1244
476 514
1555 1693
1061 1186
1545 2115
4947 5040
2480 2714
3057 3105
326 410
5389 5394
230 245
3553 4104
28 78
3510 3677
730 839
4553 4643
1450 2017
3209 3305
3136 3199
1323 1413
911 1032
3086 3141
3263 4118
3810 4321
2378 2502
1413 1658
2075 2189
3283 3583
3286 3586
4819 4857
4526 4755
1308 1396
1273 1376
1390 1391
446 626
5133 5171
3899 4107
708 1178
4149 4314
556 614
347 369
2181 2317
1429 1849
5311 5312
1730 2221
3800 4419
3838 4388
4716 4766
190 203
1451 1870
2963 3038
2546 2713
415 439
1579 2130
4531 4532
3881 4086
5142 5215
4771 4924
5303 5339
4180 4344
4337 4539
510 671
1927 2183
1697 1859
2724 2766
3911 3912
3884 4089
3256 3406
1422 1530
3198 3601
1868 2016
3994 4552
4288 4289
4585 4876
1207 1297
2526 2598
5314 5326
3412 3901
1434 1554
530 581
374 455
3627 4420
542 590
6 101
887 1501
1231 1654
1417 1662
1991 2115
1887 2145
605 681
2580 2637
212 213
2611 2715
2672 2722
3227 4157
3616 3780
1437 2005
1629 1805
4481 4565
4888 4956
601 869
3194 3598
4723 4776
3445 3768
2084 2200
22 73
1476 1954
4179 4343
1259 1366
970 1194
5196 5226
1161 1276
4195 4561
3971 4153
4577 4578
4069 4266
1537 1836
3799 3962
3715 4093
3457 3458
3869 3870
889 1010
4194 4561
1105 1307
4227 4394
3649 4029
533 746
3100 3101
5017 5113
3078 3127
5093 5202
5130 5165
2176 2178
3277 4121
2385 2386
631 1182
197 228
2332 2349
1768 1928
1562 2009
744 745
1610 1943
2174 2308
473 545
3414 4111
1950 2095
3619 4131
1761 2252
1140 1260
1524 1660
1671 1981
2734 2774
1229 1316
3923 4122
3131 3132
2231 2290
468 590
1301 1389
2991 3126
2917 2939
2964 3039
793 1030
755 757
5034 5172
1653 1815
609 1031
2489 2561
3229 3326
3265 3422
30 133
3919 3920
1539 1985
1902 2232
4779 4819
4432 4608
1049 1051
2804 2833
719 946
796 908
3787 4134
3287 4126
4784 4863
2399 2648
397 422
54 108
4472 4558
4984 4985
351 376
317 357
392 471
1088 1199
1206 1296
1565 2012
3241 3242
4182 4346
4342 4463
586 859
2987 3029
1332 1438
2214 2216
5291 5309
1423 1531
2557 2674
3274 3919
3268 3568
315 316
2625 2681
679 789
31 136
37 92
508 594
1113 1518
1228 1650
5 7
1230 1409
4512 4589
5185 5250
4354 4471
3509 3676
1632 1807
3479 3817
1429 1688
3731 3902
3672 4046
3000 3212
4589 4669
371 505
3123 3177
4683 4684
5263 5264
3999 4188
5111 5140
3736 3906
4605 4837
5032 5099
45 70
4715 4765
3986 4639
1587 2141
60 120
2718 2760
1743 1907
1436 1555
2981 3024
3289 3934
2527 2599
1324 1659
4573 4574
4697 4754
3165 3223
5252 5281
1735 1899
3456 3457
1121 1487
405 460
2399 2592
731 959
1229 1652
4588 4667
703 929
1430 1850
2894 2907
416 441
2472 2473
535 659
2456 2651
60 147
2340 2596
1132 1499
2560 2769
2846 2862
2561 2621
3419 3421
648 846
4183 4347
4990 5053
556 689
5176 5238
4044 4231
1037 1160
4599 4830
2344 2408
1444 1564
2496 2569
2395 2449
2302 2303
3612 3940
1211 1301
3867 4264
185 186
1028 1029
3674 4242
5251 5252
723 1069
175 192
1225 1518
915 916
35 61
1095 1207
1221 1515
2685 2737
2003 2122
2499 2688
4894 4895
1744 2058
39 129
4939 4940
371 503
3989 4342
1110 1312
1541 1840
3653 4033
2882 2893
3171 3234
419 449
671 759
1330 1827
795 1034
3868 4266
944 1188
1743 2163
2420 2537
669 762
1736 2053
2573 2689
1157 1274
1546 2116
3990 4464
610 685
2500 2689
206 221
3431 3573
1832 2105
3566 3567
4003 4356
4671 4817
2060 2061
4144 4416
5135 5170
525 577
476 619
1556 1856
2372 2373
136 151
4528 4529
3526 3691
4621 4705
3790 4407
4353 4472
1464 1714
3133 3183
3236 3486
4687 4688
1668 1978
13 55
5336 5349
2616 2723
617 619
2421 2539
2509 2583
4428 4516
4367 4483
444 622
1008 1500
3500 3846
3615 3941
3375 4274
1719 1885
4336 4337
2074 2260
1747 2300
3386 3709
4796 4836
2020 2124
2608 2656
991 1303
1486 1806
805 1164
979 1089
1967 2104
2451 2519
3645 3826
482 625
3033 3180
3321 3472
4893 4932
3562 3737
418 448
1227 1521
1580 1711
286 314
2382 2580
2069 2177
214 215
2355 2469
637 724
4782 4822
1874 2024
4805 4806
966 967
5216 5245
4296 4399
2676 2727
2940 2963
3785 3948
241 271
2385 2439
4989 5019
2619 2727
3090 3304
1373 1374
1163 1380
1628 1804
5164 5230
1312 1514
3413 3732
1837 2108
1973 1974
899 1019
1245 1809
4488 4575
815 816
835 836
3890 4099
3414 3733
4750 4801
980 1091
3445 3769
3087 3143
1096 1208
1676 2108
1477 2100
2404 2405
3712 3885
2950 2977
3083 3084
79 134
283 285
4139 4510
1811 1813
1871 2021
1458 1578
1581 2028
4906 4944
372 396
5062 5165
2618 2675
1593 1723
1735 2231
3476 3976
447 484
3485 3486
4433 4434
4462 4549
3960 4144
3783 4400
3562 3908
5391 5400
3651 4031
1933 2076
1691 1854
4169 4455
1549 1685
2342 2406
2567 2626
5177 5238
721 1067
1840 1987
2375 2468
148 166
1542 1679
2576 2691
642 956
2925 2949
1123 1245
1373 1511
3711 4089
4014 4203
1020 1144
1942 2203
4762 4877
446 566
514 801
3502 3505
3478 3980
3098 3153
472 504
3 99
85 142
4680 4737
3051 3097
2186 2259
618 803
3574 3749
2971 3059
512 692
524 845
4875 4911
1369 1370
3046 3093
646 841
3514 3682
2388 2442
3704 3876
3695 3871
4209 4579
3095 3215
3411 3730
5014 5047
5218 5246
2424 2710
988 1098
5384 5401
4182 4641
638 952
738 961
1602 1778
2386 2584
1942 2202
3836 4036
3077 3241
1204 1293
3852 4048
3266 3741
4775 4815
3290 3443
2254 2315
3660 4219
4812 4923
4470 4558
4662 4716
2560 2620
989 1099
4722 4816
1443 1700
372 453
2626 2682
3838 4389
1475 2098
1543 2112
1054 1179
2962 2994
4338 4633
1951 2096
1001 1129
2359 2522
4476 4656
5208 5210
1039 1378
211 264
2414 2465
3399 3548
2496 2684
1106 1308
4170 4338
1717 2140
5151 5274
904 905
2995 3131
875 1086
1549 1995
3140 3608
3827 4026
2954 2983
1529 1828
5155 5224
209 222
1891 2044
3389 3539
4616 4758
2247 2308
2775 2776
2008 2009
1535 1834
5369 5379
1578 2025
4656 4657
5367 5371
2088 2205
5277 5295
280 281
4540 4633
3797 4308
3116 3642
2161 2293
754 865
1596 2150
434 463
4764 4877
3162 3313
4317 4426
5390 5398
5157 5254
1846 1993
2622 2773
1639 1641
1736 1900
5152 5192
3536 4085
89 124
216 229
2383 2437
3800 4145
5344 5393
5366 5393
4333 4451
5343 5351
2585 2700
3439 3585
5235 5262
4441 4700
1439 1559
1405 1516
1146 1266
2341 2405
4071 4268
4051 4241
4002 4651
3090 3146
1217 1307
2826 2855
2641 2702
3057 3104
4473 4474
2175 2312
1111 1223
942 943
229 231
2568 2627
3022 3066
5141 5215
2501 2629
4163 4710
3395 3716
970 1082
2427 2740
1481 1962
2990 3240
492 856
866 972
2940 3132
1411 1656
1829 1976
2585 2751
4881 4918
820 933
1675 2110
1261 1368
2947 2974
4982 4983
255 256
1929 2258
3139 3605
4839 4945
3048 3310
4535 4536
3863 4257
3231 3328
1877 2030
848 962
5198 5255
2459 2528
2494 2774
1478 1955
701 1171
599 761
3417 3907
201 245
3361 3523
3 19
4432 4519
406 496
1359 1503
2969 3056
1793 1950
2803 2815
3375 3698
1235 1341
4325 4444
5059 5060
435 498
1310 1398
933 1177
2932 2957
4690 4794
2382 2436
3965 4147
434 464
685 910
886 1499
1421 1975
1457 1707
5327 5328
2565 2680
305 360
2536 2604
1686 1996
388 410
524 574
1318 1653
677 787
1313 1402
33 57
2471 2537
3815 3979
2062 2063
2170 2244
662 966
4482 4570
3121 3175
3708 3879
3669 4043
3630 3804
3045 3150
4780 4937
571 647
4747 4799
4601 4688
889 1135
587 860
3355 3517
3440 3930
4694 4752
198 199
5167 5204
1454 2126
5033 5100
3433 4120
3543 3544
3666 4225
4309 4417
734 735
3225 3322
2860 2873
5251 5280
4328 4446
3964 4148
2559 2768
3788 3952
2088 2280
3970 4152
4952 5012
1222 1514
2930 2953
1787 2204
3650 3831
2840 2841
3456 3460
2845 2874
2720 2762
814 1290
3521 4258
2151 2225
1141 1261
2434 2504
3480 3481
4013 4365
3158 3159
2665 2666
2475 2659
4966 4998
786 1025
3996 4349
4299 4403
46 71
2446 2515
277 322
516 563
604 1153
174 189
513 800
3939 3942
3618 4298
981 1092
1451 1571
4540 4632
248 263
2969 3161
234 237
672 975
3885 4090
18 41
3049 3096
3986 4546
3513 3681
2248 2309
274 309
2179 2315
1468 1586
1682 1845
5118 5188
225 259
3785 4403
4672 4851
3672 4233
537 538
176 177
950 1069
2037 2142
2438 2508
2418 2468
4019 4206
515 620
1106 1218
4763 4913
1528 1664
3397 3546
3402 3550
3419 3739
1683 1846
614 797
1256 1358
242 307
3274 3749
1045 1167
3783 4131
2049 2227
1427 1548
3519 4063
777 1016
5180 5182
2893 2906
568 569
260 322
4423 4425
585 859
4855 4962
1615 2091
3066 3113
2190 2321
2429 2574
1317 1649
254 258
4917 4949
5048 5183
4439 4698
955 1074
5191 5274
651 743
486 570
4027 4494
5136 5209
3897 4104
5150 5190
1708 2025
3380 3875
4466 4643
3077 3179
2050 2156
4587 4665
4950 4951
2229 2230
5127 5259
2544 2610
1647 1811
1920 2313
1145 1264
1444 1863
4848 4884
3502 4047
1535 1672
565 625
2434 2578
4310 4418
635 1066
3865 4067
3480 3818
1236 1961
2433 2692
2162 2237
1757 2068
1324 1821
1729 2046
2624 2679
1762 2180
2567 2735
5269 5272
2935 2960
4599 4740
2816 2864
718 1190
3463 3802
443 480
5223 5296
2856 2883
730 957
1432 1999
2719 2761
2428 2630
5226 5282
985 1297
394 489
2282 2283
5299 5330
3924 4123
2052 2230
540 541
3512 3680
1107 1219
1325 1822
1598 2152
359 404
295 311
3273 3920
809 1165
3793 3956
553 611
3220 3315
1721 2144
211 227
1779 2273
4294 4295
3943 3946
1157 1376
3118 3172
3164 3316
3571 3746
968 1195
1230 1815
2474 2608
673 1085
112 152
1320 1655
3323 3474
3659 3837
4057 4248
1166 1284
1102 1390
1490 1637
5174 5175
881 1295
3620 3948
3068 3069
2701 2752
2213 2215
4140 4412
1315 1520
1420 1665
4180 4465
2250 2311
615 690
447 627
2480 2547
2519 2645
1165 1385
5289 5319
3371 3693
2536 2605
1658 1820
654 746
5345 5358
2640 2699
4566 4661
173 187
5050 5082
3076 3125
4065 4066
4617 4702
194 238
3567 3913
3261 3898
535 749
3583 3757
4787 4823
3137 3452
3532 3697
3547 3719
5197 5256
3169 3330
3264 3564
690 916
4349 4468
3743 3915
2595 2651
676 1023
1335 2099
3391 3712
4061 4253
92 125
1772 1932
4322 4440
3137 3775
2253 2316
2562 2729
2357 2390
1915 2066
5131 5164
3738 4117
486 522
4932 4995
4427 4514
5123 5256
1608 1784
4890 4927
2876 2888
3636 4156
4400 4401
3460 3611
4493 4494
3338 3339
5249 5273
1875 2133
1692 2120
4873 4907
3793 4139
1562 1861
1239 1345
752 863
1478 1797
2879 2880
687 912
1873 2023
1612 1946
5010 5011
5304 5338
3040 3041
2909 2910
2428 2500
2581 2638
3624 4418
4336 4630
5346 5358
2531 2532
1604 1780
210 292
165 167
5070 5103
722 832
1830 1977
1039 1277
4621 4761
559 617
5038 5104
2499 2572
3468 3806
2117 2118
3293 3766
783 901
1210 1300
5290 5307
3302 3451
206 207
4292 4398
3189 3292
3359 3522
3823 4022
1611 2089
1996 2119
1117 1345
3186 3442
3118 3235
4004 4357
3880 4085
263 280
2181 2256
1350 1808
3232 3819
1223 1401
3989 4550
11 26
2817 2848
4945 4946
1452 1573
1880 2033
5325 5338
28 52
5045 5046
4736 4867
1434 2001
2483 2549
4032 4500
4274 4277
58 115
3847 3849
2422 2540
3841 4390
647 960
2092 2209
832 950
4436 4523
4626 4711
1947 2211
4178 4462
1414 1659
4767 4808
4724 4725
2721 2763
1321 1412
771 891
1898 2051
1120 1348
2493 2733
3231 3481
2340 2653
5239 5292
2071 2255
1788 2208
1446 1702
339 405
2985 3026
806 921
725 834
1080 1081
81 155
502 547
1415 1660
2397 2451
633 1185
2348 2350
1062 1187
3194 3770
1650 1651
38 127
348 438
4479 4661
2479 2546
5334 5359
43 98
827 944
4063 4254
3497 3844
838 1076
2791 2820
3584 3758
392 439
328 354
3409 3727
3671 3845
3177 3489
4303 4504
3245 3692
3729 4106
2169 2243
5311 5321
4896 4934
4471 4652
2748 2784
4016 4368
3091 3147
1256 1502
876 1199
3982 4542
1046 1289
643 958
3075 3124
2558 2767
1273 1512
227 231
4769 4810
1424 1831
1163 1379
2332 2333
3797 3959
4448 4531
5254 5285
5096 5203
5136 5137
5216 5246
1426 1979
2925 3017
3635 3973
3984 4636
4988 4990
1860 2008
1026 1153
876 1198
1801 1962
271 273
3564 3910
3427 3745
4064 4066
421 452
3233 3643
616 691
4130 4295
2456 2524
1456 1706
5234 5236
1238 1344
4334 4452
4460 4545
623 697
2575 2690
1663 1825
3983 4542
4005 4564
4933 4963
4441 4757
4680 4867
2734 2776
4307 4415
1441 1860
2374 2412
5154 5194
4184 4348
748 858
3031 3239
5037 5072
1485 1804
5162 5202
5062 5166
3354 3517
1333 1560
2458 2527
2843 2871
1784 1785
386 406
2593 2649
2481 2548
5290 5319
3984 4173
2486 2553
2359 2648
4191 4355
243 246
2249 2310
1281 1382
630 711
3469 3807
4699 4756
25 75
5286 5287
2389 2443
56 113
1892 2045
3707 4082
4959 4988
5003 5036
830 1067
1435 1693
5375 5398
2418 2467
1100 1302
707 1052
1720 1886
1863 2011
3169 3641
572 645
4969 5029
449 487
2175 2251
1336 1620
2160 2161
3349 4058
2858 2883
640 953
4763 4804
5360 5370
901 1265
2421 2655
509 760
3327 3817
4689 4793
3372 3694
1426 1980
4998 5059
705 1175
2085 2274
2384 2438
3531 3871
3228 3476
2464 2465
2819 2836
119 188
4154 4318
112 153
3074 3176
3286 3931
3002 3048
599 870
4668 4721
3833 4380
62 125
943 1187
1763 2314
1094 1205
1113 1224
2948 2975
1435 1855
823 938
142 160
1677 1987
2943 3041
184 217
4437 4524
4992 5055
2083 2199
3282 3437
2391 2514
348 437
4218 4389
4972 5105
4738 4826
4919 4952
3957 4141
1764 1924
3002 3151
2048 2049
3276 3575
3377 3533
3394 3544
3822 4373
3738 4116
4855 4933
518 519
1766 2072
3855 3856
1892 2223
4217 4387
629 710
391 438
2728 2770
426 494
3393 3714
390 409
3003 3311
5378 5385
2633 2692
4522 4611
4879 4914
5371 5373
4167 4453
2423 2706
1732 1896
2358 2699
3981 4541
1936 2194
1553 2000
16 66
390 411
3246 3706
4585 4765
414 437
3788 3951
4687 4791
4744 4745
5384 5385
4423 4513
3055 3159
4339 4458
5117 5144
4168 4538
3432 3575
2743 2808
90 92
1786 2202
1516 1517
3578 3754
3403 4103
2191 2265
5025 5057
1315 1404
3009 3158
4440 4527
1761 1923
906 1155
4960 5055
1739 2234
740 850
714 1184
4849 4885
2725 2767
4901 4940
527 964
1747 1748
4850 4954
3627 4313
4040 4223
4136 4406
3496 3843
1922 2178
2968 3010
1141 1369
4663 4717
1040 1380
260 295
2548 2664
732 960
2996 3082
906 1028
5248 5271
1776 1777
2993 3036
651 853
2928 2951
3696 3872
529 652
1241 1347
2506 2507
4733 4786
3201 3302
533 583
1486 1630
3008 3156
4140 4413
1898 2228
1160 1513
17 98
247 300
840 958
1237 1627
4484 4573
3420 3910
918 919
2886 2901
1446 1566
2310 2331
5353 5363
2393 2447
1234 1340
301 314
2669 2761
329 378
2611 2665
5306 5318
3408 3555
5123 5158
1885 2143
3207 3303
3364 3525
1233 1339
3277 3577
4991 5054
3267 3914
3354 3516
677 902
3737 4115
4849 4923
903 1152
3655 4035
1673 2107
2853 2868
324 343
2520 2646
1255 1503
1993 2117
2921 3040
3329 3818
4380 4381
3837 4386
2441 2511
5024 5025
3271 3428
1579 2129
1782 1939
1705 2022
661 862
3709 3880
374 424
2955 2984
4036 4384
517 695
5160 5199
5342 5352
1713 2135
339 461
675 785
4218 4387
3542 3714
265 299
3848 3849
5107 5139
2564 2624
4296 4397
2420 2605
4517 4608
1055 1180
2543 2709
2972 3060
470 471
5261 5262
811 1285
1226 1314
551 600
930 1048
2931 2957
2899 2934
162 190
4767 4845
4784 4903
527 850
884 1004
3273 3430
3384 4083
478 562
3387 4087
1319 1408
1611 2206
2173 2306
420 488
3891 4101
4480 4567
4016 4017
4856 4934
3415 4112
1665 1827
2296 2297
4948 5007
337 360
2943 2998
1945 2279
1038 1158
4638 4639
509 667
2439 2509
3422 3742
1713 2134
1938 1939
2792 2807
2916 2936
4187 4351
2042 2148
3265 3423
2941 3083
4873 4908
1799 1960
2327 2328
5240 5267
5305 5317
4979 5011
4134 4301
797 798
4008 4196
2102 2284
1343 1483
3515 3683
4067 4261
1046 1168
3578 3926
3650 4030
370 411
5069 5132
4530 4618
2093 2211
3198 3298
3187 3290
4228 4396
4682 4870
4198 4361
1311 1515
573 843
4438 4612
4525 4612
3458 3777
3490 3841
1745 2239
3392 3713
1943 2204
4351 4469
3579 3755
1779 2272
5212 5241
2411 2461
4843 4844
1292 1299
363 495
1588 2038
2305 2306
5335 5361
4477 4658
2380 2635
1536 1982
5305 5339
5364 5369
5018 5083
2165 2238
2035 2140
969 1079
2452 2521
2716 2759
352 377
477 515
1414 1820
2747 2799
4982 5015
4989 5052
3631 3969
4874 4909
440 473
79 110
2815 2831
293 295
1254 1502
5145 5184
2026 2131
2789 2851
5346 5347
130 135
2684 2736
1128 1354
2189 2263
4983 4984
1003 1643
398 456
0 21
373 397
1336 2100
2886 2959
4821 4899
2504 2636
2562 2623
376 401
2435 2505
5315 5327
529 853
9 23
2492 2732
1574 2126
5331 5352
2038 2143
121 147
1591 2144
3668 4229
3752 3922
5031 5063
4544 4635
1716 2139
4454 4539
3886 4091
2221 2224
3569 3916
261 276
5284 5285
3623 4309
4324 4759
3839 4037
1670 1833
3404 3552
1796 2099
3757 3928
5374 5380
4467 4554
2366 2408
4941 5029
4316 4424
5002 5035
4479 4480
5373 5374
3640 3980
2241 2242
383 465
4645 4646
3333 3483
2487 2554
1 96
2311 2331
3662 4222
4720 4721
3170 3643
2068 2248
1767 1929
716 827
3821 4020
3175 3336
4813 4887
2612 2613
2353 2372
4679 4824
4448 4449
810 1166
1406 1522
1103 1392
72 102
2447 2516
2488 2555
4778 4853
5390 5400
545 595
551 670
2269 2270
2748 2800
5116 5145
543 973
1242 1348
3728 4107
5124 5283
5066 5133
931 1049
5156 5253
3706 4081
1254 1357
3214 3309
4199 4362
9 104
1320 1410
3196 3446
4170 4456
5019 5083
1547 1994
2621 2728
3360 3688
2623 2730
2101 2285
4526 4613
3266 3565
3510 4055
4168 4631
1283 1384
451 489
221 237
2370 2371
4724 4726
64 93
2596 2652
1024 1147
3232 3641
345 346
1554 1854
3978 4160
2779 2807
1477 1621
932 1176
753 968
5354 5381
3894 3895
4973 5007
1006 1007
5146 5148
1608 1941
2845 2860
3592 3763
4006 4359
2594 2650
766 873
782 1145
2484 2552
1012 1013
1040 1279
2440 2510
2457 2526
232 244
4555 4645
2004 2123
2274 2275
655 744
2746 2797
1006 1132
1001 1493
5195 5224
4518 4607
2338 2401
3385 4084
1587 2035
510 763
2944 2998
420 451
440 547
2523 2650
3235 3644
4841 4913
3388 4280
2378 2576
2629 2688
1647 1814
3009 3054
1626 1799
1674 1837
3010 3011
259 290
3503 4235
4411 4413
3230 3479
1280 1381
4006 4007
5075 5076
5222 5223
223 256
1564 2010
2926 2950
3296 3447
3618 3782
1316 1651
3254 3892
2071 2319
5061 5095
680 905
2852 2878
3139 3201
513 693
2163 2238
1383 1384
5039 5106
1325 1666
2977 3062
3576 4120
3015 3060
4977 5009
3541 3886
4762 4807
4563 4654
5163 5259
4683 4790
3092 3149
5214 5243
5066 5134
3632 3806
3825 4212
5158 5198
4659 4660
4059 4249
3423 3743
5168 5206
59 124
3812 4156
2528 2600
3134 3771
587 751
2823 2824
3724 4103
4600 4833
3407 3554
492 746
3208 3303
4045 4046
3269 3916
3355 3685
4864 4905
3409 3900
3043 3147
4601 4743
3946 4401
3724 4105
3759 3930
2809 2824
2387 2512
1425 1832
2808 2823
3353 4250
2992 3243
146 162
2831 2847
5303 5316
398 424
837 839
874 977
4534 4628
5220 5273
3947 4297
705 932
1349 1807
4511 4719
2966 2999
584 857
1995 2119
741 852
1338 1957
657 748
2156 2228
122 150
158 187
1989 2113
2658 2707
602 765
4736 4824
5331 5333
175 191
140 157
646 959
708 935
5265 5291
4732 4864
5002 5068
3624 3798
2556 2671
938 1057
1946 2090
660 861
2330 2335
3810 3974
5109 5142
287 318
1982 2107
3428 3744
2742 2780
2507 2582
2757 2758
191 220
5070 5071
1778 2268
4422 4426
2889 2939
713 714
615 799
3218 3313
2304 2306
2579 2636
4961 5022
313 367
2167 2168
2358 2445
3855 4055
1063 1188
821 1180
5186 5219
576 845
3740 3911
4896 4935
1442 1563
1170 1291
3925 4124
2425 2755
849 963
195 239
2558 2768
5064 5065
184 247
4408 4506
117 143
1264 1265
3531 3872
207 236
919 1041
4998 4999
1900 2291
3550 3721
2658 2708
3779 4129
4751 4803
1282 1383
4685 4872
994 1114
4749 4800
3506 3852
3588 3933
4007 4360
5179 5181
5289 5306
1775 1935
2723 2764
2677 2678
3360 3523
5320 5322
732 842
1350 1488
2398 2523
4377 4497
1359 1504
324 366
385 460
2783 2797
3195 3938
1161 1377
3163 3316
4622 4623
698 814
3288 3441
3443 3590
1442 1695
591 973
506 507
2090 2207
4100 4290
3469 4154
3071 3485
3045 3211
4433 4520
3234 3820
2158 2289
4215 4216
4785 4786
313 326
5336 5350
2982 2983
3747 3748
2101 2212
4603 4604
736 737
4602 4791
2102 2285
38 93
1670 1672
3391 4091
3606 3607
3121 3237
2722 2765
1884 2037
1614 1790
4684 4740
3072 3120
552 672
2827 2884
2996 3038
772 1505
4929 4991
2898 2909
2821 2838
3658 4386
4854 4994
4975 5008
4332 4625
2394 2448
5128 5231
4962 4995
4883 4953
5124 5125
385 462
425 456
5162 5201
1005 1250
1065 1191
1646 1812
224 292
864 1078
1986 2109
3032 3125
1699 1701
3903 4109
586 657
4779 4897
218 235
87 90
1461 1712
821 1054
422 453
208 237
2915 2960
2669 2762
4764 4806
3326 3640
2450 2705
610 1033
557 691
4464 4550
1474 2096
3117 3642
2805 2818
2564 2565
1700 1862
3112 3113
890 1011
4906 4907
2197 2271
2617 2673
226 244
4422 4591
1169 1290
3646 4493
1612 2208
738 739
3012 3058
2201 2275
4052 4242
1118 1346
345 388
1509 1648
3262 3909
1739 2289
3043 3304
2093 2210
942 1061
3491 3664
1607 1783
2360 2400
1678 2111
952 1071
949 1068
3228 3975
575 736
2471 2654
3851 4238
5316 5328
3382 4279
2994 2995
2462 2531
924 1287
1592 1888
1122 1487
2842 2870
584 858
2664 2714
395 396
2646 2647
2193 2267
3465 3629
3013 3017
550 761
2446 2516
1677 1679
233 266
635 721
939 1058
1967 1968
1798 1956
3864 4259
1053 1178
634 826
3465 4312
2972 3014
5195 5297
170 171
1953 2098
4439 4755
589 663
1464 2135
5241 5267
553 554
877 1200
277 310
976 1085
5094 5230
2497 2737
105 106
2395 2517
118 142
5034 5068
3087 3206
3985 4637
2491 2772
2387 2441
4535 4627
559 803
5125 5159
4965 4968
3537 3710
5017 5082
4854 4931
450 488
1257 1361
3407 3408
3519 4061
2055 2292
4195 4359
1687 1997
1353 1491
836 1072
5329 5332
279 297
2686 2738
1837 2106
2833 2834
4161 4331
720 1191
3341 3507
3426 3917
3089 3207
4604 4690
1476 1796
4194 4358
3666 4041
5050 5112
274 307
3798 4417
731 840
5081 5112
2361 2400
3807 4155
589 756
5018 5051
1319 1523
3612 3942
3047 3215
3673 4234
2269 2324
2902 2914
5090 5188
2622 2678
1127 1246
3467 3967
1117 1118
139 168
3305 3455
4167 4629
339 431
1895 2152
87 88
50 74
2805 2848
391 412
4996 4997
1460 2131
4701 4758
1881 2034
823 1056
2036 2142
2901 2913
1474 2097
2796 2797
4847 4921
4773 4927
4518 4519
3611 3614
94 127
631 632
1305 1393
3403 3723
726 954
3431 3748
4662 4876
1355 1497
1167 1288
375 457
3959 4143
3591 3761
2973 3016
3246 3534
3011 3056
1003 1495
2489 2771
2563 2731
269 287
144 188
3511 4246
1724 1889
5355 5377
3987 4547
4461 4548
1009 1134
3866 4262
2697 2699
2422 2655
3853 4049
2364 2404
2333 2352
4056 4246
5168 5205
242 275
1762 2070
970 1081
1541 2109
824 825
1337 1479
3186 3590
3049 3310
3119 3483
682 792
1313 1517
4890 4925
2498 2628
4967 5058
2908 2952
3857 4054
1902 2054
4523 4524
1262 1370
2542 2660
4628 4713
4829 4871
676 1025
1940 2278
3046 3308
2442 2512
3001 3308
4213 4495
3661 4220
3116 3330
3269 3270
4100 4291
3356 3862
5162 5260
81 138
1508 1814
3982 4172
218 219
2047 2222
3319 3470
2449 2643
4293 4294
1241 1242
4823 4865
2778 2791
3289 3442
1093 1204
767 977
1221 1398
2458 2600
4434 4521
4393 4394
109 133
521 570
525 578
3613 3941
604 788
3227 3812
3088 3206
769 877
4532 4622
1148 1268
4714 4842
2915 2936
1928 2258
4378 4498
3142 3609
2795 2810
4369 4370
1925 2255
4783 4902
2515 2587
261 293
636 724
4076 4273
2298 2301
5388 5397
419 522
65 66
2892 2905
57 83
532 582
305 320
3392 3542
1424 1533
1847 1994
1094 1294
1930 2261
3629 4314
665 667
4033 4381
3163 3218
3212 3213
2701 2753
3700 3874
3155 3217
3258 3727
2826 2840
5038 5103
3664 4224
4316 4668
1930 2262
3671 3846
1142 1263
1248 1492
248 282
2877 2889
444 621
407 435
3047 3094
2466 2533
2931 2955
4171 4634
3883 3885
1856 1857
3188 3291
2524 2594
3925 4125
4476 4563
1138 1259
3518 4255
3471 3472
1574 2020
603 678
25 104
1544 2114
632 1058
1338 1479
3802 4148
5180 5213
3978 4159
2384 2583
2426 2571
1321 1817
2986 3027
1800 1961
2199 2273
268 303
1566 2014
158 172
3662 4221
183 214
3509 4054
2023 2128
2782 2811
1475 1795
4065 4258
3889 4287
5348 5360
4613 4695
3551 4102
3782 3944
4586 4665
583 855
1044 1386
5090 5119
1589 2040
4974 4975
2807 2821
3636 3811
1703 2019
0 20
2478 2756
3012 3104
3949 4503
638 725
3813 4157
3174 3237
1534 1832
2466 2532
4620 4761
849 964
1697 1858
2390 2513
5086 5087
1856 2123
239 254
18 97
2997 2999
5044 5077
2436 2437
3032 3240
2962 3037
682 1030
574 734
2785 2800
1635 1810
656 856
5149 5189
2514 2752
1225 1519
3035 3037
2357 2392
4947 5007
3876 4279
4166 4334
1458 1709
4667 4720
1431 1689
4201 4364
3794 3957
4593 4673
612 613
2242 2243
3582 3756
225 291
5220 5269
3966 4149
4305 4509
2828 2843
3171 3332
2991 3078
1002 1130
3074 3338
668 760
2103 2104
3189 3594
47 48
3558 3903
3577 3753
5038 5105
4271 4272
1850 1998
363 431
5078 5081
416 508
3673 4235
4789 4871
49 50
1330 1529
1267 1268
144 145
63 126
1415 1821
4692 4746
1759 1919
1411 1816
2898 2932
3416 3735
4021 4490
3172 3334
2239 2240
1334 1619
1530 1532
4213 4496
957 1076
353 377
3432 3921
3495 4395
3025 3070
3869 4071
2867 2891
5020 5084
3138 3448
3440 3586
597 666
5114 5147
3252 3548
4341 4549
3014 3160
1947 2094
5079 5111
2157 2158
257 274
4997 5024
5219 5247
3086 3453
1356 1645
394 490
4788 4826
4038 4039
425 457
2162 2297
2055 2157
3490 3840
1752 2245
5347 5357
702 928
3438 3928
3448 3450
2042 2149
686 1033
2064 2245
2590 2642
3343 3674
4682 4788
4742 4831
1472 1794
1151 1271
3145 3455
658 860
4208 4578
3162 3315
701 928
717 1189
2218 2286
4617 4759
1063 1189
3294 3595
3252 3547
4886 4922
3025 3069
5051 5113
3809 3811
3441 3933
5218 5247
3881 4280
536 661
2870 2871
1975 1976
4313 4315
2173 2307
1443 1563
3801 4145
1610 1786
770 1011
5325 5337
5312 5320
1849 1997
4204 4484
479 695
1306 1393
813 1045
558 693
4808 4846
4847 4981
4731 4905
5126 5200
2479 2547
4882 4920
49 75
2414 2463
329 354
3073 3336
2533 2534
5138 5139
643 839
2396 2589
2566 2732
3765 3766
2874 2875
1491 1638
629 630
1538 1985
380 382
1112 1405
3520 3686
1890 2147
5137 5177
2409 2410
1017 1143
13 29
156 170
1077 1194
3496 3497
119 161
603 1150
883 1002
5335 5349
491 532
1600 1776
1497 1644
1756 2309
5286 5302
3966 4150
5221 5278
1100 1389
3581 3756
1098 1292
4229 4230
167 181
612 687
4673 4725
4486 4574
5175 5210
3064 3111
4013 4364
1689 1852
50 76
4511 4666
222 272
2949 3062
4394 4395
1708 2130
3390 4088
3199 3601
5364 5377
3470 3634
1340 1480
3865 4260
1634 1810
2683 2735
4889 4926
917 1164
3320 3634
4184 4647
3467 3631
5101 5102
5056 5086
562 620
1696 1858
1363 1506
4692 4835
4859 4937
3668 4043
4166 4627
4974 5007
10 51
4187 4648
3720 3893
2926 2978
3350 4247
176 192
888 1135
3889 4098
2782 2797
183 211
707 819
3536 4086
2986 3028
2777 2836
1000 1127
4005 4193
1623 1624
1842 2114
1243 1808
441 475
722 831
2609 2660
485 520
3831 4501
3518 4256
1138 1258
4527 4700
4860 4939
59 61
4326 4760
940 1183
3565 3742
2803 2832
445 621
2798 2812
400 401
472 502
3596 3597
1227 1520
1625 1960
3741 3912
5014 5015
478 516
885 1498
1142 1262
4809 4810
1656 1817
2852 2866
2835 2850
2753 2754
2246 2304
674 768
3006 3217
4605 4836
62 91
5110 5181
4827 4869
1303 1391
3961 3963
2503 2633
83 115
4074 4270
65 95
4270 4271
2000 2121
2892 2904
4732 4785
1712 2029
5151 5250
3515 3860
454 455
3411 3412
4811 4883
3142 3205
4369 4487
2795 2811
3067 3113
4377 4498
641 729
138 153
929 1172
1419 1663
2487 2555
1238 1239
1521 1522
250 301
1021 1143
2170 2303
787 1150
2 68
2876 2912
210 241
2457 2599
4144 4307
304 318
1945 2205
1572 1703
3863 4064
3862 4255
3949 4405
4101 4291
1606 2278
1904 2160
2865 2917
606 1154
1255 1358
5008 5042
2346 2368
1619 1951
2908 2951
819 1176
2361 2454
436 467
3283 3437
2970 3105
1218 1395
408 498
2335 2351
5167 5205
2726 2769
3758 3929
2505 2637
3866 4263
2027 2133
4461 4640
2485 2552
4781 4859
664 868
3761 3762
4225 4226
2946 2973
3548 3718
3478 3816
1573 1703
3397 3398
156 169
3832 4500
3254 3401
1420 1826
3998 4186
1864 2011
923 1286
2463 2531
1983 1984
4528 4619
4047 4233
3999 4189
4562 4654
1235 1342
3711 4090
4536 4629
5031 5064
1726 1727
3686 4257
1787 2089
1410 1654
395 421
362 430
2415 2467
193 235
5271 5272
4161 4624
954 1072
5027 5060
3665 4041
3260 3899
349 373
984 985
605 1026
1963 1964
3922 4121
5323 5329
3005 3154
1333 1561
1794 1948
5301 5311
116 117
3247 3537
2588 2644
4543 4636
4776 4777
3202 3453
2423 2474
248 266
3110 3111
1304 1392
862 863
2281 2327
1099 1388
1111 1400
1812 1970
2250 2312
3687 4259
540 542
4300 4301
2557 2766
1284 1385
1631 1806
1922 2069
369 389
2640 2698
26 27
3715 4092
2538 2654
4481 4567
924 1386
5351 5363
77 132
1481 1800
5159 5160
948 1068
5039 5073
951 1071
2644 2704
3076 3179
3464 4312
3568 3914
1507 1509
2092 2210
1783 1941
2822 2839
1453 2125
2495 2627
2617 2674
3112 3166
1331 1439
1924 2319
3346 3675
3135 3197
4214 4376
3478 3637
2215 2283
1734 2229
2544 2661
512 616
2402 2453
982 1093
1222 1399
3967 4151
384 465
2841 2856
1614 1791
4425 4591
1036 1512
2715 2716
608 683
2077 2264
2087 2207
5337 5350
4626 4712
4956 4957
3923 4119
4099 4290
2055 2159
1788 2209
1322 1818
1360 1504
2078 2266
3181 3182
4839 4909
1571 2017
4752 4803
2634 2635
1314 1403
804 1378
174 202
4473 4559
794 795
1169 1291
3924 4124
252 288
4466 4644
415 503
3376 4277
576 846
327 368
753 1078
2880 2890
2168 2300
3371 3694
982 1203
3638 3639
4164 4452
436 500
5211 5243
2083 2084
2508 2582
3810 3972
3994 4641
909 910
31 56
2948 3018
2350 2373
836 1074
3811 3974
1621 1622
874 1086
140 141
820 1053
652 741
205 219
427 429
2910 2933
754 1082
1617 2095
558 692
3022 3114
1243 1632
4551 4553
3560 4112
3684 4250
720 1192
3587 3931
3736 4114
2597 2653
2859 2872
4689 4792
4606 4838
4000 4652
5169 5206
4207 4488
5264 5288
2086 2277
3037 3129
4832 4833
3054 3156
3632 3805
5092 5161
4435 4802
3825 4211
3541 3713
3092 3148
3330 3475
1828 1974
4992 5022
1367 1368
4190 4560
5095 5130
2706 2708
5075 5108
3168 3230
430 461
1162 1276
1540 1675
1247 1640
2341 2365
1174 1175
1050 1173
217 282
2103 2212
2923 2944
2401 2454
3202 3608
2473 2606
196 213
474 508
380 403
579 851
1926 2318
834 1073
1274 1275
3513 3514
4335 4538
3592 3764
3699 3700
1008 1134
659 750
2201 2276
86 118
4128 4129
2903 2905
4862 4903
1937 2082
1147 1148
3979 4160
2595 2652
2059 2164
2911 2933
2063 2171
2039 2219
1805 1966
5154 5221
3050 3153
3368 3692
1087 1088
4009 4362
3382 4081
1445 2013
866 867
3846 4232
3563 4118
875 1087
501 543
1318 1652
3593 3765
2887 2888
3619 4133
19 98
3888 4095
3349 3854
2366 2407
4467 4555
1456 1874
2868 2881
4459 4635
2977 3061
3834 4035
5063 5097
4723 4851
2882 2905
4454 4455
165 166
8 23
2718 2758
341 364
4821 4859
40 94
1771 2263
110 130
1920 2251
4447 4625
1038 1277
3954 4303
3840 4037
4343 4465
4874 4908
2747 2784
1681 1845
5265 5308
2630 2690
459 493
718 828
4076 4275
4843 4878
182 228
4748 4749
4828 4870
4197 4361
3315 3777
5365 5382
3280 3755
5212 5242
1343 1345
1219 1396
2916 2937
2742 2792
3320 3471
4910 4911
5307 5308
1548 1684
3140 3607
3384 3707
2591 2645
899 1144
429 430
5013 5047
5300 5313
2301 2302
172 185
5181 5244
4383 4384
1903 2234
3257 3897
1777 2268
1272 1375
1746 2061
1605 1782
3250 3396
3620 3784
4302 4409
3364 3691
3494 4227
3358 3520
5317 5318
4080 4278
426 495
3200 3451
3396 3545
2354 2417
2032 2136
5121 5276
384 432
2506 2581
2927 2928
4614 4615
2477 2711
3615 4129
1733 2227
3787 4406
2712 2713
58 84
3845 4045
386 463
319 337
4774 4816
2026 2129
4404 4503
1582 1710
1334 1473
1896 2155
5117 5146
16 67
3951 4137
2554 2615
1893 2223
4098 4288
4281 4282
2837 2851
1328 1527
778 897
998 1126
3882 4282
3004 3311
2727 2770
5227 5284
3387 3710
268 301
764 873
4772 4814
811 1043
3792 4510
3630 3968
2813 2829
1407 1649
3561 4113
2743 2794
1715 1879
5354 5375
46 100
3628 3803
1237 1482
4 44
645 842
2900 2934
1508 1648
1932 1934
4973 5074
5003 5037
1282 1382
4739 4829
2553 2614
2592 2649
72 101
3399 3400
5085 5115
624 697
561 801
5155 5279
1471 2091
1910 2244
601 871
2887 2902
3661 3839
233 299
3219 3314
2529 2601
2376 2419
3091 3148
3401 3549
4106 4108
3868 4265
4162 4163
4069 4267
3058 3106
2985 3027
921 1281
5009 5043
4306 4414
3721 3893
5118 5187
2869 2881
1803 1965
891 1136
2720 2763
154 168
4323 4443
1575 2021
325 344
334 355
4794 4795
1418 1662
3340 3504
3522 3688
4022 4492
4327 4328
5120 5217
2412 2417
3789 3953
4681 4738
5377 5386
2879 2891
3370 3693
4963 4964
4477 4657
1095 1298
981 1202
4236 4237
3561 3906
5005 5104
972 1083
4427 4592
3487 3488
3299 3775
1494 1639
654 655
3373 3532
1754 1915
3449 3452
4896 4964
4153 4318
4942 4943
3567 3915
3502 3850
4365 4366
980 1201
936 937
3068 3115
1206 1295
139 156
653 742
3572 3746
4753 4754
298 315
4074 4269
3363 3690
1452 1870
1822 1971
3351 3512
2369 2413
1853 1999
5028 5030
4671 4775
2816 2817
1215 1216
1482 1483
2236 2237
4848 4885
3405 3406
144 159
4203 4367
5150 5189
4587 4666
3381 3875
4777 4778
1217 1394
4678 4679
771 890
296 310
4891 4926
3878 4083
1484 1802
778 779
1139 1260
111 151
3996 4350
4941 4942
3657 3658
3814 4159
4966 5029
4012 4363
1750 2062
4192 4357
3599 3772
3255 3896
3149 3150
5033 5101
3226 3322
3656 4385
4482 4569
4747 4798
88 124
3969 4152
1440 2006
675 784
3965 4420
3312 3459
4796 4797
2344 2345
4155 4319
700 1171
854 855
941 1186
2481 2666
1462 2030
847 962
2924 2947
4772 4925
2484 2550
317 358
4533 4711
1220 1397
4050 4241
2641 2703
4015 4368
4451 4452
5340 5343
4356 4651
3499 3500
2789 2818
2814 2831
1595 2150
4076 4276
813 1044
3247 3389
2954 2984
304 336
1557 1697
4930 4931
4737 4825
85 141
1768 2259
3635 3808
2749 2750
2503 2693
1401 1405
4169 4456
1270 1271
2322 2325
1723 1888
815 926
987 1096
3318 3633
1613 1790
3321 3473
3826 4026
2364 2525
1770 2260
3085 3608
1275 1372
1909 2060
5228 5257
1669 2105
3251 3545
4502 4583
4515 4516
1671 1835
4897 4936
864 969
1668 1830
2241 2298
1753 1913
3365 3526
5208 5237
2270 2271
3461 3617
3653 4034
2788 2832
4296 4398
3324 3813
1661 1824
3995 4183
1729 2153
2668 2719
2346 2409
1323 1819
2895 2907
3166 3223
4852 4853
4715 4807
5140 5143
4513 4669
5032 5100
4139 4304
2988 3029
1606 1781
699 925
480 481
249 265
1948 2094
3005 3152
4339 4543
3100 3157
2522 2642
3648 3649
1629 1630
618 694
3795 3958
2980 3021
2744 2810
1731 1732
33 155
239 240
1927 2184
1869 2016
338 361
1680 1844
3973 4321
4429 4430
3141 3205
335 359
592 664
1467 2138
296 312
2353 2417
3173 3484
2786 2801
580 743
3791 4505
992 993
2687 2741
945 948
1769 2187
1251 1501
1266 1267
3367 3527
1916 2067
5073 5074
4371 4485
5372 5375
1472 1616
5041 5043
1758 1918
475 548
3589 3935
4023 4211
418 483
3877 4083
2362 2363
1573 2124
5049 5080
468 501
402 403
894 1014
380 404
4712 4713
3993 4181
2834 2863
5000 5030
1497 1642
1234 1339
883 1643
3365 3366
2430 2693
5268 5293
3768 3938
370 389
965 967
4722 4773
450 523
3830 4030
3393 3543
342 365
4556 4646
3647 3829
4077 4272
440 544
3301 3602
378 379
1101 1212
2919 2920
808 920
709 711
2958 3028
2828 2844
1159 1511
1131 1249
5046 5076
2657 2707
1594 2041
4882 5012
1868 2015
2336 2348
333 356
4012 4200
2667 2757
325 364
817 1047
2930 2981
1437 1694
2073 2184
5005 5040
2675 2725
1461 2028
1968 1970
34 149
1769 2186
1742 2162
1911 1912
4325 4702
3781 3944
5061 5164
1104 1394
998 1636
3530 3695
4460 4546
275 276
999 1490
2198 2326
3449 3603
2078 2193
2081 2197
2922 2998
350 399
2172 2246
3645 4212
1772 2189
4598 4829
3191 3595
978 1089
4048 4238
1627 1801
4596 4676
2885 2934
5219 5248
781 1018
4943 4944
2861 2862
2927 2978
53 78
2968 3102
3835 4383
4034 4383
2283 2284
2894 2906
3805 3969
4251 4252
4958 4987
3580 3582
1752 2172
4428 4429
69 99
2540 2541
528 852
3016 3108
3435 3436
3762 3763
3752 3921
4062 4252
4536 4628
1240 1484
2961 3128
596 597
4915 4916
884 1250
896 1016
2379 2694
5143 5183
3026 3070
4408 4409
4370 4371
4563 4655
898 1018
164 178
1232 1477
3344 4053
4375 4495
4598 4790
3280 3434
3579 3581
3587 4126
5357 5368
838 956
400 458
792 1154
1351 1488
3188 3937
3791 4303
4898 4899
3099 3157
226 230
706 819
1559 1696
4329 4707
2820 2839
4595 4675
407 464
926 927
159 173
2885 2913
3101 3102
4705 4706
3466 3803
700 927
3271 3426
885 1252
1635 1636
2167 2241
3275 3751
4261 4262
895 1015
1447 1867
3191 3444
1250 1356
3991 4345
5153 5192
193 236
2519 2589
773 774
1119 1240
1755 1756
1907 2295
3378 3379
3379 3380
4010 4011
4094 4095
4095 4096
4096 4097
572 573
4357 4474
4608 4609
688 689
2154 2155
3052 3053
3099 3155
3728 3900
4112 4113
4835 4836
5036 5069
3374 3698
2343 2406
4216 4383
1901 2053
2520 2590
3733 4110
3495 3667
3791 4138
4514 4515
1601 2078
4150 4151
3114 3115
4844 4845
3498 3669
2510 2511
4735 4826
1422 1667
2631 2632
411 413
3036 3079
3498 3670
1751 2063
2798 2799
4886 4887
3369 3529
4478 4566
5334 5345
1267 1371
408 467
5368 5379
3120 3173
3559 3737
2415 2602
3014 3059
4359 4475
191 205
330 378
2416 2534
2293 2294
678 789
4768 4809
2151 2153
5298 5322
5322 5323
390 412
3918 3920
3619 4132
1317 1521
2088 2089
4014 4202
446 518
2667 2716
241 291
4075 4272
2349 2351
2644 2705
319 336
5242 5293
2433 2577
2416 2418
4332 4710
2988 2989
946 1190
4572 4574
511 871
4525 4611
3877 3879
4147 4421
2488 2672
3318 3468
275 294
2696 2786
86 159
1702 1865
992 994
2629 2741
3334 3482
592 758
4402 4503
3795 4141
1428 1684
3006 3152
4459 4543
5090 5149
1760 2313
565 626
4205 4486
4949 5041
359 361
1657 1819
4130 4398
4444 4703
1124 1125
5266 5309
4087 4281
552 871
5207 5208
3540 3884
2983 3023
4930 4961
892 1361
1419 1664
600 869
4783 4861
2568 2569
946 1064
4073 4269
3589 3761
2 97
3376 3699
3492 4224
2729 2771
3808 4318
5088 5116
2829 2844
332 333
3030 3073
267 303
2478 2545
4970 5030
4590 4592
4436 4801
3689 3690
4751 4801
3044 3210
563 696
3962 4310
2192 2265
4693 4802
5287 5288
755 868
1740 2056
1269 1270
4174 4545
414 470
5354 5382
5386 5395
3786 4135
5122 5253
2980 3024
3248 4088
893 1257
344 345
3494 4226
5096 5097
3467 3968
2786 2787
1624 1958
331 333
3687 4260
178 179
4955 4957
287 302
3970 4155
4928 4991
2169 2171
1745 2059
3064 3065
1620 1954
4773 4926
54 109
4799 4838
3593 3764
4620 4704
4327 4704
641 955
3369 3370
683 793
4172 4634
2937 2938
2270 2325
2174 2307
4888 5016
3870 4070
3197 3446
3859 4059
2376 2470
4267 4268
2695 2745
2703 2704
1233 1957
2349 2413
181 182
2570 2685
1851 1998
500 541
2586 2698
3613 3614
5302 5310
4726 4727
5013 5044
1908 2167
163 176
2329 2352
2828 2859
3190 3765
1137 1257
1731 2221
4111 4113
3706 4080
2852 2877
304 358
1781 2200
2778 2819
1746 2240
3187 3291
3341 3506
3324 3476
588 661
2454 2455
4664 4717
3786 4299
3773 3774
4349 4556
4714 4840
459 462
1077 1196
3268 3270
2544 2707
4048 4237
2846 2863
3701 3874
773 892
5236 5287
1077 1193
2183 2257
4068 4264
752 967
582 745
5277 5278
2550 2718
3503 4236
2902 2935
3779 4293
3250 3717
3507 4240
4228 4393
2808 2838
1625 1958
3147 3454
20 70
3192 3193
779 1018
1802 1803
3021 3065
5153 5222
4443 4529
1035 1510
783 1146
4610 4693
3813 3814
843 844
4196 4360
3504 4237
2745 2796
3867 4263
785 1024
1124 1809
4663 4766
5048 5110
3870 4073
2992 3181
2586 2587
1623 1956
312 366
2749 2787
161 177
810 1387
4746 4798
2276 2277
4142 4143
4889 4957
3854 3858
1017 1263
3396 3888
4404 4584
743 854
3529 4070
807 918
2455 2525
2597 2598
279 281
82 114
4164 4450
5353 5381
4707 4708
3021 3067
5236 5237
3057 3103
902 1149
4766 4768
338 362
1633 1634
4024 4375
3462 4127
1603 2081
3357 3358
5388 5396
3574 3750
3359 3863
1253 1357
2891 2904
3858 4249
2854 2855
4304 4305
321 342
2781 2808
4590 4591
5096 5204
3660 4220
4977 4978
2778 2835
1696 2005
2455 2595
289 321
4581 4584
4583 4584
4414 4509
467 539
3361 3362
5217 5249
824 1058
4771 4814
5046 5107
3278 4122
1759 2177
3845 4044
5217 5275
3295 3599
826 1060
3675 4243
2347 2368
3447 3771
4001 4557
3151 3214
4363 4565
3652 4499
4176 4548
4914 5006
4317 4319
3358 4256
2942 3080
3224 3472
883 1494
3516 4251
444 697
4014 4570
709 825
577 847
4276 4277
2875 2897
2392 2698
3073 3488
251 270
