1502 1774
1366 1483
576 655
910 961
1682 1801
1531 1670
1586 1915
525 609
1581 1967
1592 1727
2039 2064
1588 1844
303 465
710 820
1575 1710
586 664
1585 1913
1275 1542
1408 1793
1464 1928
698 902
1734 1928
2227 2229
1448 1690
513 724
787 927
1842 1915
894 940
700 810
712 913
701 811
1575 1831
1273 1325
1304 1356
690 896
689 799
202 340
220 328
695 900
688 940
711 912
1595 1849
1506 1781
790 930
1580 1836
1837 1967
592 783
701 903
2212 2213
108 147
586 869
1593 1728
1168 1169
692 898
1488 1620
1468 1736
1222 1250
672 784
590 780
1641 1783
693 899
1427 1532
426 500
689 895
305 467
1656 1657
715 825
1589 1724
1368 1618
320 391
594 829
1638 1780
589 779
433 602
1273 1432
1316 1670
591 782
1591 1726
1244 1332
1469 1604
1881 1939
772 865
1590 1725
595 830
1596 1731
241 366
1329 1436
1651 1792
687 893
1284 1336
710 911
1362 1614
6 36
1587 1843
1594 1848
1652 1793
1387 1774
1221 1286
1434 1542
776 869
577 656
1947 1991
256 478
984 1060
2089 2091
1320 1535
681 887
286 532
1950 1952
713 914
1396 1783
684 890
187 250
588 778
705 906
511 638
686 892
1365 1752
244 294
309 471
716 826
1345 1696
391 393
1400 1511
1369 1619
673 785
575 765
699 951
1313 1528
685 891
1204 1241
1394 1781
437 732
1361 1613
1366 1753
1005 1079
1371 1621
1205 1242
152 192
1250 1287
1364 1751
587 777
1018 1134
2110 2112
2132 2158
435 730
1376 1763
691 897
1374 1761
436 731
709 910
1582 1838
438 607
4 34
1319 1534
1207 1254
1583 1839
704 905
579 769
703 904
707 908
151 191
1314 1529
2032 2078
810 952
310 472
1841 1913
2169 2191
655 766
510 637
574 756
1415 1520
357 528
682 792
2131 2133
5 35
1579 1835
1378 1765
584 774
1494 1764
1040 1113
1045 1118
674 786
7 55
425 499
242 367
578 768
24 45
706 907
138 173
1298 1457
1405 1515
1206 1243
708 909
21 56
577 767
1044 1117
648 759
1584 1840
1247 1283
1880 1980
1578 1834
1554 1804
1051 1124
651 762
350 494
423 497
349 493
428 557
996 1073
507 634
1263 1301
974 1071
319 482
1004 1078
1327 1543
1470 1605
987 988
1808 1873
424 498
661 866
1533 1672
97 110
1219 1220
1450 1563
1640 1782
1002 1032
1871 1873
643 754
1702 1958
1006 1037
1115 1141
1050 1123
2008 2010
2084 2107
1049 1122
1294 1342
1708 1902
279 282
1547 1548
1600 1854
1575 1904
102 112
1418 1662
650 854
105 109
1242 1272
247 373
10 27
1198 1234
1447 1810
1048 1121
2076 2125
2242 2248
591 669
1414 1519
1278 1330
2235 2236
311 385
1246 1442
994 1105
5 18
229 413
994 1026
1266 1357
758 851
1151 1172
0 13
2118 2168
1445 1800
35 52
1971 2031
1326 1433
1317 1532
381 545
673 879
165 166
2106 2134
1472 1607
1598 1852
762 855
1446 1801
705 815
1230 1231
2114 2161
1086 1120
509 636
307 383
1478 1611
355 447
359 450
1397 1509
1211 1232
999 1000
427 556
1399 1510
993 1104
239 345
1402 1513
508 635
1937 1981
1833 1834
1362 1481
238 344
1802 1867
1390 1635
1416 1521
599 834
1043 1116
421 495
695 947
1381 1497
906 957
1466 1601
1052 1125
1401 1512
704 956
2208 2226
2142 2187
676 788
1948 1992
650 761
2141 2164
1423 1528
511 748
1037 1110
463 625
698 808
2095 2148
225 226
1066 1067
1013 1058
422 496
677 789
440 609
692 944
1227 1255
2002 2031
1722 1916
228 411
430 559
460 537
1689 1810
1922 1923
2181 2182
374 375
621 622
270 405
185 235
796 892
1479 1747
1353 1460
1557 1807
1717 1838
1025 1104
818 909
2081 2105
714 915
640 750
678 930
359 530
1490 1760
319 392
285 417
422 551
2124 2152
1047 1120
1735 1856
381 467
505 560
1508 1642
975 1073
1674 1675
1597 1732
2089 2090
266 326
823 966
2052 2074
167 204
998 1028
1034 1035
1130 1163
418 490
1350 1571
97 133
79 80
1009 1055
918 969
1933 1975
1223 1252
223 404
242 457
158 159
646 757
1024 1025
2242 2243
1239 1307
255 477
1369 1486
258 392
563 635
1270 1271
780 873
1261 1262
1226 1227
1054 1128
2176 2198
317 480
1373 1760
831 922
979 980
784 878
289 364
484 485
636 746
1737 1858
89 100
717 970
1390 1503
414 415
2141 2186
585 868
1115 1140
1046 1119
269 402
2192 2194
1375 1492
1030 1031
687 797
680 886
2096 2122
647 851
679 791
1490 1759
1976 2060
649 760
1019 1136
1703 1897
1882 1945
1176 1185
382 468
2157 2179
429 558
971 972
1884 1991
1883 1946
725 835
1836 1909
581 771
578 657
1479 1612
582 865
1407 1792
325 398
1550 1680
154 172
523 608
808 950
710 962
2012 2068
222 403
1398 1785
579 862
570 752
796 938
1041 1114
2167 2190
990 1100
721 831
1384 1629
670 783
652 763
1887 2027
209 248
126 130
1714 1835
895 941
706 958
929 931
1500 1628
57 67
1738 1859
897 943
1413 1518
58 71
1580 1908
1739 1860
583 773
983 1033
2102 2104
356 448
1150 1171
292 457
1557 1686
94 106
987 1020
668 781
23 70
701 953
1419 1524
321 394
675 927
29 47
243 368
1702 1896
2208 2216
1323 1538
588 665
1654 1795
257 479
1945 1989
504 627
86 88
1916 1917
1476 1744
299 300
208 297
1942 2019
654 765
1806 1869
1937 2010
992 1102
261 395
1448 1809
1525 1664
219 265
1014 1059
446 447
2116 2188
1851 1926
439 524
549 550
1879 1938
1264 1354
1277 1436
1248 1336
515 726
2050 2093
787 881
819 910
2153 2154
1480 1613
573 644
179 200
816 958
112 115
2056 2101
1709 1903
1080 1112
1294 1343
2200 2202
1563 1692
719 829
653 764
2140 2185
1984 2015
432 506
1328 1436
2221 2243
62 92
2140 2163
1245 1333
1361 1748
1729 1924
360 451
566 638
1372 1758
1600 1853
81 82
1117 1142
1848 1922
1676 1677
1055 1091
2128 2130
639 749
1015 1060
658 862
259 391
597 832
1558 1687
2162 2184
1630 1772
690 942
1819 1951
1165 1203
1433 1541
567 639
1481 1749
592 876
823 824
339 412
1393 1638
1409 1653
2238 2245
822 913
443 739
1832 1906
84 106
1370 1620
1299 1351
1233 1262
2174 2193
1119 1144
2222 2232
1875 1975
1363 1482
312 474
221 329
1704 1827
245 295
33 51
184 205
842 844
990 1022
1079 1108
814 956
434 519
781 874
436 520
1382 1498
1382 1769
1314 1424
1820 1953
1807 1871
349 419
287 362
885 886
254 476
2115 2139
1003 1034
132 155
2000 2054
793 889
575 858
211 301
2145 2146
1256 1292
1705 1828
2086 2109
1559 1688
19 36
1429 1675
528 619
1471 1739
331 332
189 215
1279 1331
1425 1530
1451 1693
2055 2127
1576 1965
693 803
1333 1440
679 931
1166 1186
39 40
375 537
148 165
1449 1812
1008 1054
1183 1201
512 567
1174 1194
1523 1662
595 720
1815 1876
1046 1085
1678 1680
389 479
1509 1643
1733 1852
22 57
596 721
1297 1698
1553 1803
262 323
1417 1522
1217 1308
1478 1746
261 322
451 531
1472 1740
1990 2023
1720 1841
597 924
37 54
2098 2099
262 396
604 729
343 344
1853 1929
985 1017
2161 2199
1422 1527
798 894
1221 1338
726 836
1713 1834
171 193
1820 1892
681 933
315 388
590 667
1328 1545
794 795
3 50
1701 1957
214 253
1010 1092
379 465
243 459
1883 1990
302 378
1067 1100
2094 2147
198 200
1246 1282
363 364
2135 2136
1148 1179
1983 2046
1011 1056
2218 2220
426 555
380 466
63 76
2177 2198
1976 2036
1428 1673
1516 1652
506 561
2014 2047
1729 1849
2186 2203
1830 1902
1632 1774
2 32
1041 1139
2123 2150
827 918
678 884
2196 2209
1888 1995
1225 1291
1149 1160
845 849
619 620
889 935
352 444
1460 1570
1894 1955
266 400
1947 2024
2129 2155
1389 1634
44 64
114 115
267 268
1003 1076
2195 2196
1038 1111
2042 2066
581 864
1485 1755
1306 1359
1473 1741
1288 1340
1467 1735
210 249
759 852
1610 1745
2185 2201
561 562
159 178
139 143
61 82
1254 1290
1404 1648
1949 2027
2153 2175
568 640
1552 1683
92 93
1716 1837
760 853
571 753
2005 2035
979 999
1088 1122
805 947
1707 1901
188 252
1891 1950
387 476
10 24
2223 2233
1715 1909
1379 1626
1936 1980
1804 1866
1618 1755
1421 1665
613 740
2197 2210
1687 1872
1449 1691
2066 2088
263 397
572 643
518 728
645 756
2032 2077
1264 1461
1885 1948
435 605
1220 1272
1425 1669
573 755
821 963
1869 1870
1074 1075
1276 1435
368 458
222 330
565 637
572 847
1297 1569
2117 2167
2230 2237
825 916
354 526
1403 1790
1201 1202
727 839
585 775
431 560
1364 1616
1940 2017
1218 1270
317 390
1825 1958
1017 1062
308 470
1381 1768
2072 2093
41 58
741 742
338 408
2142 2165
817 908
674 880
1315 1530
352 614
540 626
1238 1267
988 1136
1653 1794
274 336
1420 1421
1554 1868
1278 1546
362 534
1302 1355
577 860
377 464
788 882
1173 1202
2013 2069
384 471
1388 1633
1464 1599
1562 1691
2029 2053
1445 1681
461 538
1209 1256
358 529
890 936
98 113
580 770
202 413
1324 1431
276 410
684 794
111 125
1034 1077
522 733
306 468
1592 1921
13 49
1212 1261
256 314
1845 1969
1876 1935
207 237
495 550
297 372
260 394
661 773
1477 1610
1087 1146
589 872
1043 1083
1617 1621
0 30
893 939
1828 1962
16 33
95 136
1410 1795
1471 1606
828 920
20 54
671 877
99 101
75 77
1158 1178
561 633
652 856
1238 1358
50 51
989 1099
424 553
15 31
12 47
1597 1927
233 277
789 883
2113 2137
1300 1352
627 630
1911 1966
95 107
1173 1193
1973 2003
993 1069
1318 1672
1016 1061
221 268
284 346
1972 2002
177 197
78 98
431 632
2012 2044
2139 2162
43 44
2006 2036
503 558
1288 1341
98 129
1377 1494
1458 1571
754 846
582 660
1384 1771
1310 1523
328 401
1718 1839
696 948
1846 1921
460 624
1169 1177
1391 1778
1521 1660
240 416
1468 1603
914 965
108 124
574 845
1321 1536
2032 2101
376 626
611 737
1360 1611
1000 1001
580 659
2244 2248
519 729
1701 1824
1064 1137
1008 1090
669 875
174 175
85 147
186 211
462 539
1406 1649
2221 2237
1890 1951
1493 1625
442 611
1299 1573
61 73
663 775
1347 1567
2143 2189
2097 2124
2119 2146
1437 1546
188 213
2034 2059
2238 2239
2099 2126
225 271
316 478
1809 1811
712 964
1880 1981
1723 1845
2164 2200
324 397
1591 1918
1403 1647
144 155
2222 2240
2159 2160
443 612
1850 1925
722 924
489 490
340 341
1587 1722
1821 1954
1426 1671
1392 1504
2082 2105
2058 2080
1311 1665
1437 1438
1349 1456
543 544
315 477
1265 1303
1756 1757
1716 1966
1886 1887
1486 1756
1224 1253
1709 1963
195 338
509 745
821 912
454 455
90 127
980 981
801 943
502 628
1474 1742
445 615
1930 1973
208 247
210 299
843 926
294 369
734 735
1345 1453
800 896
212 251
22 69
42 80
1944 1988
1118 1143
1283 1335
809 978
976 1027
206 234
420 494
526 616
593 718
1719 1840
271 332
1551 1799
1519 1658
2028 2074
1226 1257
730 841
241 456
513 599
287 452
351 444
1703 1959
2120 2171
1312 1666
425 554
1504 1779
2159 2182
2138 2181
423 552
1802 1803
707 959
1197 1212
2211 2219
126 128
1565 1696
2071 2089
1191 1215
1322 1677
1844 1968
1379 1766
1374 1624
11 46
989 1098
1263 1353
598 723
240 347
2070 2092
1157 1166
995 1026
1386 1773
151 170
1560 1689
702 813
149 183
303 543
169 190
1913 1914
1351 1572
1001 1030
438 606
1362 1615
1459 1573
1313 1667
2166 2188
1895 1956
2150 2151
2224 2234
1159 1179
291 366
1964 1965
1992 2025
439 734
1874 2004
290 365
736 737
311 473
2016 2048
2 14
564 745
155 175
1736 1857
1184 1195
997 1027
145 196
1085 1145
1204 1240
1237 1265
945 946
2065 2108
2011 2088
2231 2246
1970 1971
1395 1507
269 330
882 928
18 53
1602 1856
1520 1659
1 31
8 65
1549 1679
2076 2126
1609 1743
2165 2204
430 504
1970 2030
1219 1271
915 966
160 197
1712 1906
917 969
1 14
770 863
1986 2018
1493 1764
1796 1797
2009 2041
1161 1172
64 66
2173 2192
1066 1068
227 407
601 603
1692 1813
1985 2017
807 948
2148 2171
757 850
85 122
12 48
306 547
666 871
1891 1999
1397 1784
802 898
1529 1668
2147 2170
158 176
1574 1903
351 740
708 960
587 870
168 253
408 409
655 859
2094 2120
448 618
1411 1655
1501 1631
63 66
1042 1081
2075 2152
2189 2190
806 946
338 410
1730 1850
8 25
1305 1358
1108 1109
1982 2068
2016 2049
1152 1162
1977 2037
1564 1565
1279 1439
2206 2219
307 469
1586 1721
1204 1218
1346 1453
289 454
755 848
428 502
744 746
382 546
1706 1829
9 26
2038 2063
1267 1306
718 920
1355 1463
951 978
557 629
1932 1974
1693 1814
1518 1656
2085 2108
60 72
1944 1989
1153 1154
1418 1661
2025 2026
462 625
90 116
1348 1698
16 17
123 134
1978 2009
2040 2061
192 217
584 662
1419 1663
133 134
867 868
67 68
116 130
666 779
88 99
1045 1084
2156 2178
937 938
2043 2067
1561 1562
321 484
1568 1697
1499 1628
916 968
265 399
778 871
1654 1655
1276 1543
429 630
1363 1750
1823 1895
285 491
313 475
1452 1694
1194 1203
38 55
145 160
2001 2030
2215 2224
1190 1213
622 743
264 325
1607 1861
230 231
377 541
1952 1998
246 372
90 141
856 857
1334 1441
1555 1806
1681 1799
195 275
2057 2079
950 977
2008 2041
1071 1072
2095 2172
2205 2211
2214 2225
2051 2073
1063 1135
1823 1957
1331 1438
1182 1192
1245 1280
9 43
1893 1954
1985 2049
1149 1170
975 1072
1831 1963
433 601
2121 2122
75 76
2065 2086
296 371
276 411
365 455
2097 2151
1540 1541
237 280
1551 1682
1050 1147
1602 1857
1456 1699
1993 2026
1223 1289
1087 1121
538 624
2144 2168
25 66
2033 2079
170 217
288 534
1221 1249
1503 1777
963 964
764 857
1406 1791
1251 1252
275 337
1877 1878
1731 1926
1197 1211
803 945
1717 1911
521 732
1491 1623
1258 1443
563 564
1013 1096
600 837
2046 2069
525 735
1583 1912
1383 1770
1917 1968
1082 1141
1348 1568
719 921
96 122
1051 1089
1473 1608
1632 1775
2143 2166
172 194
1002 1074
807 949
1251 1341
515 600
219 326
21 39
769 861
1498 1770
1826 1897
596 923
1740 1862
482 483
2205 2207
593 919
463 540
1352 1459
1020 1137
559 631
1988 2022
273 335
809 952
1371 1489
1005 1107
1208 1291
124 136
832 923
1496 1767
1286 1339
1239 1269
1982 2045
1355 1462
812 955
1822 1955
2238 2244
1049 1146
1305 1357
1190 1200
487 488
888 934
1417 1661
153 154
1260 1295
1487 1621
335 407
1931 1932
659 864
1217 1309
1323 1676
15 49
2111 2112
417 418
566 747
1826 1960
2013 2045
1161 1171
1560 1811
1860 1861
1033 1075
1402 1646
283 343
1347 1697
412 487
30 48
1130 1131
1148 1168
727 838
69 70
361 533
1069 1070
193 218
1636 1776
1491 1761
432 632
800 801
1812 1813
1274 1326
415 416
461 539
1189 1235
1825 1959
774 867
640 641
77 87
121 147
1576 1711
1253 1285
1207 1225
442 738
246 296
2116 2187
290 456
1474 1609
1431 1539
28 29
1175 1185
1608 1742
168 189
184 203
1036 1107
2117 2144
1454 1567
144 176
881 928
503 629
314 388
565 744
1388 1775
2227 2228
100 101
698 901
2119 2170
464 542
171 194
1889 1997
1237 1356
86 87
1488 1757
4 17
1370 1487
304 380
1258 1342
1319 1428
1634 1777
642 753
1625 1763
510 747
40 57
1404 1790
1022 1101
1561 1690
1269 1308
694 804
308 383
196 199
1936 1979
1275 1327
226 333
1846 1847
2203 2204
1893 1894
60 71
346 414
2050 2070
1829 1901
174 177
1132 1155
2103 2130
826 968
2103 2104
1505 1780
1500 1630
1132 1154
1495 1497
1064 1065
1505 1639
348 491
1401 1646
1566 1816
995 1106
441 736
1311 1312
520 521
1949 1993
1047 1145
1301 1461
2114 2138
1093 1094
153 173
150 182
974 1106
536 540
642 752
223 270
1053 1127
1566 1817
1131 1164
1663 1664
830 921
469 547
1977 2007
120 123
347 417
1832 1964
2090 2111
645 848
2137 2183
1274 1434
245 371
1875 1974
1393 1779
716 917
1440 1441
1268 1307
1315 1668
293 459
657 861
1432 1540
1732 1851
985 1016
395 485
2082 2083
103 141
1683 1867
1175 1196
1174 1195
1430 1539
288 535
1526 1666
161 199
393 483
505 631
1718 1719
1536 1537
516 603
1240 1309
1940 1986
283 342
434 518
186 300
1244 1280
545 546
254 313
272 333
1189 1234
1819 1998
1953 1999
1266 1304
1684 1866
1482 1751
152 218
1230 1232
658 863
1391 1776
2173 2193
179 196
1821 1892
891 937
571 847
973 981
919 970
361 532
1930 2004
42 81
364 453
1059 1096
2011 2067
150 236
2137 2160
1332 1439
713 824
1253 1289
128 140
1084 1142
722 833
683 934
681 932
102 129
1822 1956
1816 1878
644 846
702 812
1405 1791
1354 1462
1450 1814
1287 1339
264 399
220 267
1599 1929
1372 1489
728 838
273 336
2240 2246
19 53
1006 1109
2115 2199
1741 1862
1499 1629
1378 1626
1617 1622
1257 1292
1452 1565
583 662
2195 2210
816 959
1644 1789
3 32
2039 2061
1605 1606
1582 1912
2149 2172
358 620
621 623
1422 1667
312 385
1259 1260
1124 1147
1398 1784
1335 1442
354 617
1380 1496
819 960
1706 1898
1815 1934
403 404
646 849
1065 1098
374 623
654 859
2184 2201
1569 1699
665 870
280 281
1556 1685
142 178
74 93
1224 1290
149 163
2121 2149
1157 1187
1320 1429
604 841
1091 1128
263 323
376 541
1900 1962
1018 1063
2051 2072
2214 2216
2057 2058
1192 1193
1984 2048
2231 2245
1808 1872
214 252
1300 1570
2215 2225
1412 1797
38 56
1550 1679
1010 1056
2043 2044
2156 2157
834 835
1385 1771
329 402
1143 1144
355 618
842 843
1081 1114
1467 1601
1978 2040
953 954
2081 2102
1153 1164
1517 1657
1209 1210
298 373
1469 1859
1303 1463
1497 1627
2038 2064
353 616
316 389
26 45
1890 1996
1721 1843
1923 1924
1564 1695
1152 1163
1151 1162
549 551
2206 2212
1644 1645
2005 2060
1477 1746
1413 1658
1596 1730
714 967
1502 1631
187 301
1414 1659
876 877
412 486
802 899
1391 1637
1946 2024
758 850
1372 1759
1125 1126
166 181
2163 2202
667 872
798 939
6 20
2028 2029
1712 1907
822 965
1191 1214
318 481
433 839
1114 1138
1199 1200
670 875
983 1076
1507 1641
685 795
2217 2226
1184 1196
1640 1781
227 272
291 367
229 339
606 733
1513 1645
2233 2234
1458 1572
1485 1619
1842 1914
257 390
1492 1762
1317 1533
169 191
2241 2249
2036 2062
598 833
2071 2092
1385 1773
259 260
498 552
500 554
292 458
660 771
1603 1858
1077 1078
420 493
991 992
976 1028
1531 1669
212 213
1983 2014
295 369
1380 1768
445 614
1298 1350
378 379
517 837
1882 2023
2019 2020
1884 1885
1349 1457
1635 1778
1733 1927
2059 2080
277 341
1595 1925
1057 1095
675 880
512 748
682 935
813 954
1798 1865
568 749
1038 1110
1589 1723
1727 1918
324 398
790 929
74 91
676 883
89 113
140 143
2034 2035
1444 1548
182 205
663 776
1649 1650
2174 2175
2128 2129
647 852
150 165
1044 1083
1360 1612
1522 1660
1259 1344
327 401
1247 1281
1377 1765
1310 1524
1715 1967
677 884
2006 2037
1410 1794
817 818
499 553
1972 2003
1181 1214
146 162
996 997
1704 1705
2241 2247
1680 1800
1435 1544
2113 2136
255 387
167 205
2000 2001
853 854
772 866
1113 1139
1158 1167
322 396
594 828
104 118
530 531
653 858
114 127
1544 1545
1588 1969
1670 1671
437 522
1480 1747
1943 2021
696 805
1324 1325
683 936
1389 1633
310 384
768 860
1446 1552
2053 2054
1805 1868
274 337
555 556
720 922
27 46
1298 1455
741 844
1447 1559
1014 1015
814 957
1365 1616
1508 1643
2230 2236
2213 2220
791 885
941 942
1317 1426
2077 2100
605 731
873 874
2223 2232
1088 1123
1574 1708
224 406
1598 1734
1476 1745
1023 1101
1250 1340
1268 1359
1248 1337
2042 2087
1994 1995
2239 2241
1009 1092
1423 1424
238 281
1368 1484
1516 1792
2177 2197
449 450
514 836
982 1030
2110 2135
135 163
888 933
1577 1713
1584 1720
1392 1636
986 1062
148 149
806 900
331 406
2087 2109
2145 2169
419 492
11 28
1558 1688
1614 1748
202 278
1012 1095
1040 1080
878 879
1277 1330
1904 1905
1987 2018
1475 1744
1067 1099
668 782
234 235
1579 1908
527 528
356 527
1578 1714
209 249
1798 1864
570 751
711 962
1337 1338
438 523
501 628
1407 1650
2158 2179
1176 1186
648 649
2096 2123
686 797
239 343
2176 2178
1048 1086
1182 1215
446 617
691 944
350 421
1415 1416
508 634
1399 1511
201 232
815 907
761 855
2106 2131
513 723
34 52
2118 2169
925 972
2227 2235
1198 1233
41 83
2084 2085
682 888
703 955
1941 2018
1039 1112
37 55
94 107
1577 1906
1879 1980
1205 1243
151 216
1469 1737
1475 1743
1394 1639
1581 1910
302 542
1167 1187
452 533
569 751
1555 1805
1168 1178
1090 1127
1395 1639
1208 1256
1247 1284
1752 1753
1367 1754
904 905
472 473
1058 1095
1951 1997
2131 2158
156 157
190 215
2015 2047
2154 2155
1514 1515
1343 1344
1527 1666
250 251
1514 1648
911 961
742 743
1465 1855
1430 1538
925 926
1534 1535
1383 1629
785 786
248 298
524 608
496 497
327 400
1366 1754
766 767
1725 1726
1548 1549
984 1061
1510 1785
1642 1783
777 869
157 158
1007 1112
688 689
1367 1368
1589 1590
1593 1594
42 71
762 763
1282 1334
2052 2073
309 470
453 535
2161 2180
2194 2207
1400 1512
480 481
474 475
2021 2022
1411 1796
1150 1170
2100 2127
117 156
2107 2134
610 736
73 74
1042 1082
986 1133
1465 1854
40 59
1007 1111
1412 1517
107 109
1021 1099
1576 1905
1567 1817
96 123
353 615
1386 1501
1886 1994
348 492
1029 1032
697 949
1942 1987
694 806
569 750
1021 1097
982 1032
514 725
1728 1847
449 529
279 281
139 156
1133 1134
1551 1865
1827 1960
1159 1160
1466 1855
2209 2217
1004 1036
516 517
1042 1116
305 466
1762 1763
228 488
258 318
1443 1549
1556 1805
1321 1674
1877 1935
1933 1934
1645 1647
715 967
244 293
671 672
1695 1816
971 973
1012 1094
992 1023
1943 2020
1373 1623
1745 1863
227 334
1627 1769
1685 1686
1706 1900
501 555
1939 1979
1553 1684
1322 1537
1011 1093
1470 1738
717 827
1019 1135
230 232
1181 1213
902 949
680 932
1888 1996
1318 1673
2075 2098
110 111
180 231
2063 2083
738 739
612 613
901 951
422 548
23 72
2218 2228
2007 2039
198 231
1090 1126
1824 1896
304 544
125 135
1052 1089
1420 1525
224 405
1615 1750
1375 1624
204 235
135 146
633 634
1199 1235
284 345
1766 1767
1707 1830
2033 2056
206 282
1070 1105
360 532
201 233
1451 1694
1183 1195
440 441
62 84
104 119
811 952
1409 1652
1231 1295
2100 2125
1931 2004
1023 1024
118 142
1018 1155
